"year","grade_level","school_name","special_ed","gender","ethnicity","student_id"
"2019-2020","00","Lincoln Elementary-Middle School",0,"M","Black/African American",8905786
"2019-2020","02","Lincoln Elementary-Middle School",0,"M","White",6143892
"2019-2020","00","Lincoln Elementary-Middle School",0,"M","Black/African American",9699128
"2019-2020","02","Lincoln Elementary-Middle School",0,"M","Black/African American",9980118
"2019-2020","02","Lincoln Elementary-Middle School",0,"M","Black/African American",3249690
"2019-2020","01","Lincoln Elementary-Middle School",0,"M","Hispanic/Latino",8262803
"2019-2020","05","Lincoln Elementary-Middle School",0,"M","Asian",6279397
"2019-2020","08","Lincoln Elementary-Middle School",0,"M","Hispanic/Latino",6232891
"2019-2020","07","Lincoln Elementary-Middle School",0,"F","Two or More Races",8900336
"2019-2020","07","Lincoln Elementary-Middle School",0,"F","Hispanic/Latino",8196092
"2019-2020","01","Lincoln Elementary-Middle School",0,"M","Asian",2392096
"2019-2020","08","Lincoln Elementary-Middle School",0,"M","Hispanic/Latino",2024808
"2019-2020","00","Lincoln Elementary-Middle School",0,"M","Hispanic/Latino",6468352
"2019-2020","00","Lincoln Elementary-Middle School",0,"F","Black/African American",4462419
"2019-2020","04","Lincoln Elementary-Middle School",0,"M","White",7680063
"2019-2020","07","Lincoln Elementary-Middle School",0,"F","Black/African American",8048053
"2019-2020","07","Lincoln Elementary-Middle School",0,"M","White",4473982
"2019-2020","05","Lincoln Elementary-Middle School",0,"M","White",6281513
"2019-2020","02","Lincoln Elementary-Middle School",0,"M","Hispanic/Latino",1605625
"2019-2020","06","Lincoln Elementary-Middle School",0,"M","Two or More Races",1258312
"2019-2020","04","Lincoln Elementary-Middle School",0,"M","White",7972054
"2019-2020","05","Lincoln Elementary-Middle School",0,"M","Black/African American",2736686
"2019-2020","01","Lincoln Elementary-Middle School",0,"M","Black/African American",6950579
"2019-2020","08","Lincoln Elementary-Middle School",0,"M","Two or More Races",5663808
"2019-2020","00","Lincoln Elementary-Middle School",0,"F","Hispanic/Latino",6040985
"2019-2020","05","Lincoln Elementary-Middle School",0,"F","Hispanic/Latino",4268887
"2019-2020","02","Lincoln Elementary-Middle School",0,"M","Black/African American",9622246
"2019-2020","07","Lincoln Elementary-Middle School",0,"M","White",5994847
"2019-2020","01","Lincoln Elementary-Middle School",0,"M","Hispanic/Latino",1254628
"2019-2020","05","Lincoln Elementary-Middle School",0,"M","Hispanic/Latino",7680670
"2019-2020","05","Lincoln Elementary-Middle School",0,"F","Black/African American",6977456
"2019-2020","02","Lincoln Elementary-Middle School",0,"M","Black/African American",8781470
"2019-2020","03","Lincoln Elementary-Middle School",0,"F","Black/African American",4967366
"2019-2020","01","Lincoln Elementary-Middle School",0,"M","Hispanic/Latino",2365413
"2019-2020","06","Lincoln Elementary-Middle School",1,"M","Hispanic/Latino",6569953
"2019-2020","06","Lincoln Elementary-Middle School",0,"M","Black/African American",2114227
"2019-2020","05","Lincoln Elementary-Middle School",0,"F","Hispanic/Latino",5532494
"2019-2020","07","Lincoln Elementary-Middle School",0,"M","White",9705487
"2019-2020","00","Lincoln Elementary-Middle School",0,"F","Black/African American",2378062
"2019-2020","04","Lincoln Elementary-Middle School",0,"M","Hispanic/Latino",2787616
"2019-2020","06","Lincoln Elementary-Middle School",0,"F","White",1404025
"2019-2020","02","Lincoln Elementary-Middle School",0,"F","Hispanic/Latino",7952094
"2019-2020","00","Lincoln Elementary-Middle School",0,"F","White",6936183
"2019-2020","06","Lincoln Elementary-Middle School",0,"M","Black/African American",1823909
"2019-2020","07","Lincoln Elementary-Middle School",0,"M","Black/African American",7163114
"2019-2020","07","Lincoln Elementary-Middle School",0,"M","Black/African American",9286996
"2019-2020","04","Lincoln Elementary-Middle School",0,"F","Hispanic/Latino",7841128
"2019-2020","06","Lincoln Elementary-Middle School",0,"F","Black/African American",6297478
"2019-2020","03","Lincoln Elementary-Middle School",0,"M","Asian",4216625
"2019-2020","00","Lincoln Elementary-Middle School",0,"M","Two or More Races",3587165
"2019-2020","04","Lincoln Elementary-Middle School",0,"F","Asian",1315776
"2019-2020","05","Lincoln Elementary-Middle School",0,"M","Black/African American",4718821
"2019-2020","02","Lincoln Elementary-Middle School",0,"F","White",9290932
"2019-2020","03","Lincoln Elementary-Middle School",0,"M","Black/African American",9181082
"2019-2020","00","Lincoln Elementary-Middle School",0,"M","Black/African American",1606717
"2019-2020","01","Lincoln Elementary-Middle School",0,"F","Two or More Races",4802273
"2019-2020","06","Lincoln Elementary-Middle School",0,"F","Two or More Races",9350457
"2019-2020","07","Lincoln Elementary-Middle School",1,"M","White",3976656
"2019-2020","06","Lincoln Elementary-Middle School",0,"M","Black/African American",5713528
"2019-2020","05","Lincoln Elementary-Middle School",0,"M","Black/African American",6206400
"2019-2020","06","Lincoln Elementary-Middle School",0,"F","Black/African American",1899372
"2019-2020","01","Lincoln Elementary-Middle School",0,"F","White",7082282
"2019-2020","00","Lincoln Elementary-Middle School",0,"M","Hispanic/Latino",7135151
"2019-2020","05","Lincoln Elementary-Middle School",0,"F","White",9545845
"2019-2020","03","Lincoln Elementary-Middle School",0,"F","Black/African American",9493559
"2019-2020","00","Lincoln Elementary-Middle School",0,"F","Black/African American",4570898
"2019-2020","02","Lincoln Elementary-Middle School",0,"F","Hispanic/Latino",1252798
"2019-2020","08","Lincoln Elementary-Middle School",0,"F","Black/African American",1999222
"2019-2020","06","Lincoln Elementary-Middle School",0,"F","Asian",2549889
"2019-2020","03","Lincoln Elementary-Middle School",0,"M","Black/African American",7440137
"2019-2020","04","Lincoln Elementary-Middle School",1,"M","White",3786488
"2019-2020","06","Lincoln Elementary-Middle School",0,"M","Two or More Races",3390108
"2019-2020","00","Lincoln Elementary-Middle School",0,"F","Two or More Races",6631285
"2019-2020","00","Lincoln Elementary-Middle School",0,"F","Hispanic/Latino",6636579
"2019-2020","03","Lincoln Elementary-Middle School",0,"M","Hispanic/Latino",6654827
"2019-2020","08","Lincoln Elementary-Middle School",0,"F","Asian",3473489
"2019-2020","05","Lincoln Elementary-Middle School",0,"F","White",9756906
"2019-2020","06","Lincoln Elementary-Middle School",0,"F","Black/African American",5117190
"2019-2020","04","Lincoln Elementary-Middle School",0,"F","Black/African American",4536664
"2019-2020","00","Lincoln Elementary-Middle School",0,"M","Hispanic/Latino",1273929
"2019-2020","07","Lincoln Elementary-Middle School",0,"M","Black/African American",1305470
"2019-2020","05","Lincoln Elementary-Middle School",0,"F","White",3229851
"2019-2020","03","Lincoln Elementary-Middle School",0,"F","Black/African American",8730030
"2019-2020","07","Lincoln Elementary-Middle School",0,"F","White",1464292
"2019-2020","05","Lincoln Elementary-Middle School",0,"M","Black/African American",4076146
"2019-2020","03","Lincoln Elementary-Middle School",0,"F","Black/African American",6457054
"2019-2020","00","Lincoln Elementary-Middle School",0,"M","Hispanic/Latino",1329175
"2019-2020","06","Lincoln Elementary-Middle School",0,"F","Black/African American",8127399
"2019-2020","01","Lincoln Elementary-Middle School",0,"F","Two or More Races",2821520
"2019-2020","01","Lincoln Elementary-Middle School",0,"F","Black/African American",3391882
"2019-2020","08","Lincoln Elementary-Middle School",0,"M","Two or More Races",3808173
"2019-2020","01","Lincoln Elementary-Middle School",0,"F","Black/African American",5668847
"2019-2020","04","Lincoln Elementary-Middle School",0,"M","White",6745848
"2019-2020","07","Lincoln Elementary-Middle School",0,"M","Hispanic/Latino",2023750
"2019-2020","06","Lincoln Elementary-Middle School",0,"F","White",2721911
"2019-2020","07","Lincoln Elementary-Middle School",0,"F","Hispanic/Latino",8474930
"2019-2020","05","Lincoln Elementary-Middle School",0,"M","Black/African American",1176448
"2019-2020","08","Lincoln Elementary-Middle School",0,"M","Black/African American",5710884
"2019-2020","07","Lincoln Elementary-Middle School",0,"F","Black/African American",6951470
"2019-2020","06","Lincoln Elementary-Middle School",0,"F","Hispanic/Latino",7755492
"2019-2020","00","Lincoln Elementary-Middle School",0,"M","Hispanic/Latino",4601081
"2019-2020","02","Lincoln Elementary-Middle School",0,"F","Black/African American",4427044
"2019-2020","04","Lincoln Elementary-Middle School",0,"F","Black/African American",4873128
"2019-2020","07","Lincoln Elementary-Middle School",0,"F","Black/African American",8267399
"2019-2020","01","Lincoln Elementary-Middle School",0,"M","Black/African American",9219478
"2019-2020","04","Lincoln Elementary-Middle School",0,"F","Black/African American",7874949
"2019-2020","06","Lincoln Elementary-Middle School",0,"F","Black/African American",2247411
"2019-2020","07","Lincoln Elementary-Middle School",0,"M","Black/African American",5832206
"2019-2020","07","Lincoln Elementary-Middle School",0,"F","Hispanic/Latino",5945870
"2019-2020","04","Lincoln Elementary-Middle School",0,"F","Black/African American",7765024
"2019-2020","01","Lincoln Elementary-Middle School",0,"M","White",5373591
"2019-2020","08","Lincoln Elementary-Middle School",0,"M","Black/African American",2327495
"2019-2020","07","Lincoln Elementary-Middle School",0,"M","Black/African American",7967842
"2019-2020","07","Lincoln Elementary-Middle School",0,"F","White",5484508
"2019-2020","00","Lincoln Elementary-Middle School",0,"M","Two or More Races",3648917
"2019-2020","08","Lincoln Elementary-Middle School",0,"M","Asian",8482181
"2019-2020","07","Lincoln Elementary-Middle School",0,"M","White",9997911
"2019-2020","01","Lincoln Elementary-Middle School",0,"F","Asian",8837721
"2019-2020","01","Lincoln Elementary-Middle School",0,"F","Black/African American",5737603
"2019-2020","05","Lincoln Elementary-Middle School",0,"M","White",6535923
"2019-2020","03","Lincoln Elementary-Middle School",0,"F","Asian",5168715
"2019-2020","02","Lincoln Elementary-Middle School",0,"M","Black/African American",3146139
"2019-2020","07","Lincoln Elementary-Middle School",0,"M","Black/African American",8708130
"2019-2020","07","Lincoln Elementary-Middle School",0,"M","White",7982914
"2019-2020","01","Lincoln Elementary-Middle School",0,"F","Hispanic/Latino",9507278
"2019-2020","04","Lincoln Elementary-Middle School",0,"F","Black/African American",7150606
"2019-2020","08","Lincoln Elementary-Middle School",0,"M","Black/African American",6656681
"2019-2020","02","Lincoln Elementary-Middle School",0,"M","Hispanic/Latino",6327170
"2019-2020","05","Lincoln Elementary-Middle School",0,"M","Black/African American",9086609
"2019-2020","07","Lincoln Elementary-Middle School",0,"M","Hispanic/Latino",4689720
"2019-2020","07","Lincoln Elementary-Middle School",0,"M","White",7671332
"2019-2020","04","Lincoln Elementary-Middle School",0,"M","Two or More Races",2351017
"2019-2020","01","Lincoln Elementary-Middle School",0,"M","Black/African American",7908475
"2019-2020","07","Lincoln Elementary-Middle School",0,"M","White",2020574
"2019-2020","05","Lincoln Elementary-Middle School",0,"M","Black/African American",1819943
"2019-2020","03","Lincoln Elementary-Middle School",0,"M","Hispanic/Latino",2798241
"2019-2020","00","Lincoln Elementary-Middle School",0,"F","Black/African American",4087243
"2019-2020","00","Lincoln Elementary-Middle School",0,"M","Asian",4622137
"2019-2020","05","Lincoln Elementary-Middle School",0,"F","Hispanic/Latino",4173538
"2019-2020","00","Lincoln Elementary-Middle School",0,"M","Hispanic/Latino",1625957
"2019-2020","00","Lincoln Elementary-Middle School",0,"F","Black/African American",6528089
"2019-2020","02","Lincoln Elementary-Middle School",1,"M","White",4060749
"2019-2020","04","Lincoln Elementary-Middle School",0,"F","Hispanic/Latino",7308677
"2019-2020","05","Lincoln Elementary-Middle School",0,"F","Black/African American",1650904
"2019-2020","03","Lincoln Elementary-Middle School",0,"F","White",8522022
"2019-2020","07","Lincoln Elementary-Middle School",0,"F","Asian",3891190
"2019-2020","01","Lincoln Elementary-Middle School",0,"F","Two or More Races",6971502
"2019-2020","03","Lincoln Elementary-Middle School",0,"F","Two or More Races",2025212
"2019-2020","06","Lincoln Elementary-Middle School",0,"F","White",4592401
"2019-2020","07","Lincoln Elementary-Middle School",0,"F","Asian",5822362
"2019-2020","01","Lincoln Elementary-Middle School",0,"M","White",9387667
"2019-2020","08","Lincoln Elementary-Middle School",0,"M","Asian",8422554
"2019-2020","08","Lincoln Elementary-Middle School",0,"F","Hispanic/Latino",5894030
"2019-2020","03","Lincoln Elementary-Middle School",0,"F","Black/African American",5242552
"2019-2020","01","Lincoln Elementary-Middle School",0,"F","Hispanic/Latino",4671774
"2019-2020","02","Lincoln Elementary-Middle School",0,"F","Hispanic/Latino",1622219
"2019-2020","07","Lincoln Elementary-Middle School",0,"F","Black/African American",8922867
"2019-2020","02","Lincoln Elementary-Middle School",0,"F","Two or More Races",4627238
"2019-2020","05","Lincoln Elementary-Middle School",0,"F","Hispanic/Latino",4012096
"2019-2020","06","Lincoln Elementary-Middle School",0,"M","White",8364421
"2019-2020","00","Lincoln Elementary-Middle School",0,"M","Black/African American",4791577
"2019-2020","04","Lincoln Elementary-Middle School",0,"M","Black/African American",3556958
"2019-2020","02","Lincoln Elementary-Middle School",0,"F","Hispanic/Latino",3684513
"2019-2020","01","Lincoln Elementary-Middle School",0,"F","Black/African American",5114357
"2019-2020","03","Lincoln Elementary-Middle School",0,"F","Two or More Races",9393864
"2019-2020","01","Lincoln Elementary-Middle School",0,"M","Black/African American",2454554
"2019-2020","06","Lincoln Elementary-Middle School",0,"M","Hispanic/Latino",5435004
"2019-2020","06","Lincoln Elementary-Middle School",0,"M","Black/African American",1571863
"2019-2020","03","Lincoln Elementary-Middle School",0,"M","Black/African American",6804431
"2019-2020","07","Lincoln Elementary-Middle School",0,"F","Black/African American",1355244
"2019-2020","08","Lincoln Elementary-Middle School",0,"M","Hispanic/Latino",3636275
"2019-2020","05","Lincoln Elementary-Middle School",0,"M","Two or More Races",4653525
"2019-2020","08","Lincoln Elementary-Middle School",0,"F","Hispanic/Latino",1862029
"2019-2020","07","Lincoln Elementary-Middle School",0,"F","Black/African American",5987973
"2019-2020","07","Lincoln Elementary-Middle School",0,"M","White",8001293
"2019-2020","06","Lincoln Elementary-Middle School",0,"M","Black/African American",6500647
"2019-2020","05","Lincoln Elementary-Middle School",0,"F","Black/African American",9013887
"2019-2020","02","Lincoln Elementary-Middle School",0,"M","Hispanic/Latino",9671825
"2019-2020","04","Lincoln Elementary-Middle School",0,"F","Black/African American",2097472
"2019-2020","02","Lincoln Elementary-Middle School",0,"M","White",8234668
"2019-2020","01","Lincoln Elementary-Middle School",0,"F","Black/African American",2945704
"2019-2020","05","Lincoln Elementary-Middle School",0,"F","Asian",6420721
"2019-2020","03","Lincoln Elementary-Middle School",0,"F","Hispanic/Latino",4576935
"2019-2020","05","Lincoln Elementary-Middle School",0,"F","Hispanic/Latino",5983191
"2019-2020","03","Lincoln Elementary-Middle School",0,"M","White",2081217
"2019-2020","01","Lincoln Elementary-Middle School",0,"F","White",4921102
"2019-2020","03","Lincoln Elementary-Middle School",0,"M","White",1943822
"2019-2020","02","Lincoln Elementary-Middle School",0,"F","Asian",1463581
"2019-2020","05","Lincoln Elementary-Middle School",0,"F","Black/African American",6378758
"2019-2020","03","Lincoln Elementary-Middle School",0,"M","Asian",5505390
"2019-2020","04","Lincoln Elementary-Middle School",0,"M","Black/African American",5292731
"2019-2020","04","Lincoln Elementary-Middle School",0,"M","Black/African American",6435393
"2019-2020","01","Lincoln Elementary-Middle School",0,"M","Asian",3413994
"2019-2020","01","Lincoln Elementary-Middle School",0,"F","Black/African American",4701298
"2019-2020","04","Lincoln Elementary-Middle School",0,"M","Asian",2978444
"2019-2020","00","Lincoln Elementary-Middle School",0,"M","White",9971221
"2019-2020","01","Lincoln Elementary-Middle School",0,"M","Hispanic/Latino",5098659
"2019-2020","08","Lincoln Elementary-Middle School",0,"M","Hispanic/Latino",9635449
"2019-2020","07","Lincoln Elementary-Middle School",0,"F","Black/African American",5111687
"2019-2020","06","Lincoln Elementary-Middle School",0,"M","Asian",6028157
"2019-2020","03","Lincoln Elementary-Middle School",0,"M","Hispanic/Latino",5531939
"2019-2020","08","Lincoln Elementary-Middle School",0,"M","Two or More Races",5633236
"2019-2020","00","Lincoln Elementary-Middle School",0,"M","Hispanic/Latino",8009480
"2019-2020","02","Lincoln Elementary-Middle School",0,"F","Black/African American",4975020
"2019-2020","01","Lincoln Elementary-Middle School",0,"M","Hispanic/Latino",5262925
"2019-2020","01","Lincoln Elementary-Middle School",0,"F","Asian",3229724
"2019-2020","06","Lincoln Elementary-Middle School",0,"F","Asian",2610631
"2019-2020","00","Lincoln Elementary-Middle School",0,"F","White",9149800
"2019-2020","05","Lincoln Elementary-Middle School",1,"M","Black/African American",4614511
"2019-2020","08","Lincoln Elementary-Middle School",0,"M","Two or More Races",5146857
"2019-2020","04","Lincoln Elementary-Middle School",0,"M","Hispanic/Latino",5508099
"2019-2020","01","Lincoln Elementary-Middle School",0,"F","Hispanic/Latino",7879847
"2019-2020","06","Lincoln Elementary-Middle School",0,"M","Hispanic/Latino",6889999
"2019-2020","03","Lincoln Elementary-Middle School",0,"F","Asian",3488387
"2019-2020","00","Lincoln Elementary-Middle School",0,"F","Hispanic/Latino",1497289
"2019-2020","00","Lincoln Elementary-Middle School",0,"F","Black/African American",4826310
"2019-2020","00","Lincoln Elementary-Middle School",0,"F","Two or More Races",7526544
"2019-2020","02","Lincoln Elementary-Middle School",0,"M","White",3628758
"2019-2020","02","Lincoln Elementary-Middle School",0,"F","Hispanic/Latino",5666374
"2019-2020","04","Lincoln Elementary-Middle School",0,"F","Two or More Races",6875991
"2019-2020","03","Lincoln Elementary-Middle School",0,"F","Asian",2101393
"2019-2020","04","Lincoln Elementary-Middle School",0,"M","White",6622904
"2019-2020","01","Lincoln Elementary-Middle School",0,"M","Two or More Races",7691036
"2019-2020","05","Lincoln Elementary-Middle School",0,"M","Hispanic/Latino",8274697
"2019-2020","05","Lincoln Elementary-Middle School",0,"M","Hispanic/Latino",8981661
"2019-2020","02","Lincoln Elementary-Middle School",0,"F","Black/African American",5784822
"2019-2020","08","Lincoln Elementary-Middle School",0,"F","White",3561823
"2019-2020","01","Lincoln Elementary-Middle School",0,"F","Hispanic/Latino",4238701
"2019-2020","01","Lincoln Elementary-Middle School",0,"M","Hispanic/Latino",6245901
"2019-2020","03","Lincoln Elementary-Middle School",0,"M","Black/African American",3883341
"2019-2020","04","Lincoln Elementary-Middle School",0,"M","White",6272304
"2019-2020","00","Lincoln Elementary-Middle School",0,"M","Black/African American",4919060
"2019-2020","03","Lincoln Elementary-Middle School",0,"M","Hispanic/Latino",8547618
"2019-2020","04","Lincoln Elementary-Middle School",0,"M","White",8010715
"2019-2020","02","Lincoln Elementary-Middle School",0,"M","White",2187530
"2019-2020","02","Lincoln Elementary-Middle School",0,"M","Black/African American",1415365
"2019-2020","07","Lincoln Elementary-Middle School",0,"M","Black/African American",4280919
"2019-2020","05","Lincoln Elementary-Middle School",0,"M","White",3661010
"2019-2020","08","Lincoln Elementary-Middle School",0,"F","Asian",4649667
"2019-2020","07","Lincoln Elementary-Middle School",0,"F","Hispanic/Latino",3079618
"2019-2020","06","Lincoln Elementary-Middle School",0,"F","Two or More Races",8398731
"2019-2020","07","Lincoln Elementary-Middle School",0,"M","Hispanic/Latino",1271044
"2019-2020","02","Lincoln Elementary-Middle School",0,"M","Hispanic/Latino",5079039
"2019-2020","02","Lincoln Elementary-Middle School",0,"F","White",3579448
"2019-2020","07","Lincoln Elementary-Middle School",0,"F","Black/African American",8220968
"2019-2020","08","Lincoln Elementary-Middle School",0,"M","Black/African American",1476681
"2019-2020","08","Lincoln Elementary-Middle School",0,"F","White",1772697
"2019-2020","01","Lincoln Elementary-Middle School",0,"F","Black/African American",2993942
"2019-2020","07","Lincoln Elementary-Middle School",0,"F","Black/African American",7779014
"2019-2020","06","Lincoln Elementary-Middle School",0,"F","Hispanic/Latino",9083132
"2019-2020","07","Lincoln Elementary-Middle School",0,"M","White",1791316
"2019-2020","06","Lincoln Elementary-Middle School",0,"F","Asian",2515001
"2019-2020","02","Lincoln Elementary-Middle School",0,"F","Black/African American",6738979
"2019-2020","01","Lincoln Elementary-Middle School",0,"F","Hispanic/Latino",6672256
"2019-2020","02","Lincoln Elementary-Middle School",0,"M","Two or More Races",2681154
"2019-2020","08","Lincoln Elementary-Middle School",0,"M","Black/African American",7217178
"2019-2020","05","Lincoln Elementary-Middle School",0,"M","Black/African American",9975923
"2019-2020","04","Lincoln Elementary-Middle School",0,"F","Two or More Races",2616507
"2019-2020","08","Lincoln Elementary-Middle School",0,"M","Hispanic/Latino",5411340
"2019-2020","07","Lincoln Elementary-Middle School",1,"F","Hispanic/Latino",5544908
"2019-2020","03","Lincoln Elementary-Middle School",0,"F","White",4116225
"2019-2020","02","Lincoln Elementary-Middle School",0,"M","Black/African American",3830515
"2019-2020","00","Lincoln Elementary-Middle School",0,"F","Asian",1810109
"2019-2020","07","Lincoln Elementary-Middle School",0,"F","Hispanic/Latino",8398699
"2019-2020","07","Lincoln Elementary-Middle School",0,"M","Asian",3987937
"2019-2020","02","Lincoln Elementary-Middle School",0,"F","Hispanic/Latino",8576904
"2019-2020","06","Lincoln Elementary-Middle School",0,"M","Hispanic/Latino",7866902
"2019-2020","03","Lincoln Elementary-Middle School",0,"M","White",8906917
"2019-2020","00","Lincoln Elementary-Middle School",0,"F","Asian",8364291
"2019-2020","03","Lincoln Elementary-Middle School",0,"F","White",3916165
"2019-2020","05","Lincoln Elementary-Middle School",1,"M","White",1527233
"2019-2020","04","Lincoln Elementary-Middle School",1,"M","Hispanic/Latino",5073841
"2019-2020","06","Lincoln Elementary-Middle School",0,"F","Hispanic/Latino",9921011
"2019-2020","05","Lincoln Elementary-Middle School",0,"F","Black/African American",3532227
"2019-2020","01","Lincoln Elementary-Middle School",0,"M","Two or More Races",1472649
"2019-2020","08","Lincoln Elementary-Middle School",0,"M","Black/African American",1221284
"2019-2020","03","Lincoln Elementary-Middle School",0,"F","Black/African American",2556185
"2019-2020","02","Lincoln Elementary-Middle School",0,"F","Hispanic/Latino",1834161
"2019-2020","03","Lincoln Elementary-Middle School",0,"M","White",3003249
"2019-2020","05","Lincoln Elementary-Middle School",0,"F","Hispanic/Latino",2495058
"2019-2020","00","Lincoln Elementary-Middle School",0,"M","Hispanic/Latino",8002503
"2019-2020","00","Lincoln Elementary-Middle School",0,"M","Hispanic/Latino",1720321
"2019-2020","06","Lincoln Elementary-Middle School",0,"M","Hispanic/Latino",9695734
"2019-2020","04","Lincoln Elementary-Middle School",0,"F","Hispanic/Latino",9852938
"2019-2020","03","Lincoln Elementary-Middle School",0,"F","Two or More Races",8413420
"2019-2020","00","Lincoln Elementary-Middle School",0,"M","Two or More Races",5126861
"2019-2020","01","Lincoln Elementary-Middle School",0,"M","Hispanic/Latino",8576710
"2019-2020","02","Lincoln Elementary-Middle School",0,"M","Hispanic/Latino",5329838
"2019-2020","00","Lincoln Elementary-Middle School",0,"M","White",7453231
"2019-2020","02","Lincoln Elementary-Middle School",0,"F","Hispanic/Latino",6537711
"2019-2020","02","Lincoln Elementary-Middle School",0,"M","Hispanic/Latino",6509428
"2019-2020","03","Lincoln Elementary-Middle School",0,"M","White",7762141
"2019-2020","00","Lincoln Elementary-Middle School",0,"M","Asian",2526202
"2019-2020","04","Lincoln Elementary-Middle School",0,"F","Hispanic/Latino",8152904
"2019-2020","07","Lincoln Elementary-Middle School",0,"M","Black/African American",4060017
"2019-2020","01","Lincoln Elementary-Middle School",0,"F","Black/African American",3982115
"2019-2020","02","Lincoln Elementary-Middle School",0,"F","White",1114954
"2019-2020","02","Lincoln Elementary-Middle School",0,"M","Hispanic/Latino",4757510
"2019-2020","06","Lincoln Elementary-Middle School",1,"M","Hispanic/Latino",9445185
"2019-2020","02","Lincoln Elementary-Middle School",0,"F","White",3129269
"2019-2020","05","Lincoln Elementary-Middle School",0,"F","Hispanic/Latino",4951510
"2019-2020","07","Lincoln Elementary-Middle School",0,"M","White",9772121
"2019-2020","01","Lincoln Elementary-Middle School",0,"M","Hispanic/Latino",6794096
"2019-2020","07","Lincoln Elementary-Middle School",0,"F","Asian",7334500
"2019-2020","04","Lincoln Elementary-Middle School",0,"M","Hispanic/Latino",3091729
"2019-2020","03","Lincoln Elementary-Middle School",0,"M","Two or More Races",5862525
"2019-2020","04","Lincoln Elementary-Middle School",0,"M","White",7335293
"2019-2020","03","Lincoln Elementary-Middle School",0,"F","Hispanic/Latino",7234353
"2019-2020","08","Lincoln Elementary-Middle School",0,"M","White",9647627
"2019-2020","05","Lincoln Elementary-Middle School",0,"M","Black/African American",7389362
"2019-2020","07","Lincoln Elementary-Middle School",0,"F","Black/African American",3881740
"2019-2020","02","Lincoln Elementary-Middle School",0,"M","Hispanic/Latino",6299077
"2019-2020","06","Lincoln Elementary-Middle School",0,"F","Asian",3680380
"2019-2020","07","Lincoln Elementary-Middle School",0,"M","White",3661874
"2019-2020","02","Lincoln Elementary-Middle School",0,"F","Hispanic/Latino",9893114
"2019-2020","06","Lincoln Elementary-Middle School",0,"M","Hispanic/Latino",8608876
"2019-2020","03","Lincoln Elementary-Middle School",0,"F","Two or More Races",1981852
"2019-2020","06","Lincoln Elementary-Middle School",0,"M","White",4730180
"2019-2020","05","Lincoln Elementary-Middle School",0,"F","Black/African American",7893061
"2019-2020","02","Lincoln Elementary-Middle School",0,"F","Hispanic/Latino",8079044
"2019-2020","04","Lincoln Elementary-Middle School",0,"F","Black/African American",7257091
"2019-2020","00","Lincoln Elementary-Middle School",0,"F","Black/African American",6506392
"2019-2020","01","Lincoln Elementary-Middle School",0,"M","Black/African American",1364789
"2019-2020","03","Lincoln Elementary-Middle School",0,"M","Hispanic/Latino",1229485
"2019-2020","00","Lincoln Elementary-Middle School",0,"F","Hispanic/Latino",9843854
"2019-2020","01","Lincoln Elementary-Middle School",0,"F","Two or More Races",5372072
"2019-2020","08","Lincoln Elementary-Middle School",0,"M","Black/African American",7463325
"2019-2020","04","Lincoln Elementary-Middle School",0,"F","Black/African American",5759551
"2019-2020","04","Lincoln Elementary-Middle School",0,"M","Asian",3344275
"2019-2020","03","Lincoln Elementary-Middle School",0,"F","Black/African American",9784352
"2019-2020","05","Lincoln Elementary-Middle School",0,"F","Hispanic/Latino",3720478
"2019-2020","08","Lincoln Elementary-Middle School",0,"F","Black/African American",4603904
"2019-2020","05","Lincoln Elementary-Middle School",0,"M","Black/African American",2801669
"2019-2020","08","Lincoln Elementary-Middle School",0,"M","Black/African American",9061248
"2019-2020","08","Lincoln Elementary-Middle School",0,"F","Hispanic/Latino",5091040
"2019-2020","03","Lincoln Elementary-Middle School",0,"F","Black/African American",2603560
"2019-2020","00","Lincoln Elementary-Middle School",0,"F","Black/African American",9682524
"2019-2020","00","Lincoln Elementary-Middle School",0,"M","White",2952608
"2019-2020","01","Lincoln Elementary-Middle School",0,"M","Asian",4573360
"2019-2020","02","Lincoln Elementary-Middle School",0,"F","Two or More Races",1349023
"2019-2020","03","Lincoln Elementary-Middle School",0,"M","White",1713925
"2019-2020","02","Lincoln Elementary-Middle School",0,"M","Hispanic/Latino",3475814
"2019-2020","03","Lincoln Elementary-Middle School",0,"F","Black/African American",9383366
"2019-2020","06","Lincoln Elementary-Middle School",0,"F","Black/African American",3365241
"2019-2020","05","Lincoln Elementary-Middle School",1,"M","White",7686947
"2019-2020","00","Lincoln Elementary-Middle School",0,"M","White",4691985
"2019-2020","07","Lincoln Elementary-Middle School",0,"F","White",6107310
"2019-2020","04","Lincoln Elementary-Middle School",0,"M","Two or More Races",2831082
"2019-2020","01","Lincoln Elementary-Middle School",0,"M","Two or More Races",2250867
"2019-2020","02","Lincoln Elementary-Middle School",0,"M","Black/African American",3235323
"2019-2020","08","Lincoln Elementary-Middle School",0,"M","Black/African American",9956582
"2019-2020","05","Lincoln Elementary-Middle School",0,"M","Black/African American",3428057
"2019-2020","07","Lincoln Elementary-Middle School",0,"F","Two or More Races",9957618
"2019-2020","01","Lincoln Elementary-Middle School",0,"F","Hispanic/Latino",3579634
"2019-2020","07","Lincoln Elementary-Middle School",0,"F","Hispanic/Latino",6552765
"2019-2020","04","Lincoln Elementary-Middle School",0,"F","Hispanic/Latino",9460084
"2019-2020","00","Lincoln Elementary-Middle School",0,"F","Black/African American",1427992
"2019-2020","05","Lincoln Elementary-Middle School",0,"F","Black/African American",8763132
"2019-2020","07","Lincoln Elementary-Middle School",0,"F","White",3067135
"2019-2020","05","Lincoln Elementary-Middle School",0,"F","Black/African American",4565692
"2019-2020","07","Lincoln Elementary-Middle School",1,"F","Black/African American",8598676
"2019-2020","03","Lincoln Elementary-Middle School",0,"M","Black/African American",7310169
"2019-2020","05","Lincoln Elementary-Middle School",0,"M","Asian",8210472
"2019-2020","07","Adams Elementary-Middle School",0,"F","Black/African American",5386856
"2019-2020","02","Adams Elementary-Middle School",0,"F","White",2530864
"2019-2020","07","Adams Elementary-Middle School",0,"M","Hispanic/Latino",4094042
"2019-2020","00","Adams Elementary-Middle School",0,"F","Hispanic/Latino",3078516
"2019-2020","01","Adams Elementary-Middle School",0,"F","Black/African American",5879064
"2019-2020","02","Adams Elementary-Middle School",0,"M","Hispanic/Latino",6122722
"2019-2020","05","Adams Elementary-Middle School",0,"F","Hispanic/Latino",5586416
"2019-2020","03","Adams Elementary-Middle School",0,"F","Two or More Races",4737174
"2019-2020","07","Adams Elementary-Middle School",0,"F","Hispanic/Latino",9917429
"2019-2020","06","Adams Elementary-Middle School",0,"M","Hispanic/Latino",1716360
"2019-2020","06","Adams Elementary-Middle School",0,"M","Black/African American",1461968
"2019-2020","02","Adams Elementary-Middle School",0,"F","Black/African American",4845463
"2019-2020","01","Adams Elementary-Middle School",0,"F","Hispanic/Latino",8673519
"2019-2020","04","Adams Elementary-Middle School",0,"F","Black/African American",5865605
"2019-2020","08","Adams Elementary-Middle School",0,"F","White",9918889
"2019-2020","05","Adams Elementary-Middle School",0,"M","Asian",1908635
"2019-2020","01","Adams Elementary-Middle School",0,"F","Black/African American",8066737
"2019-2020","00","Adams Elementary-Middle School",0,"M","Hispanic/Latino",6821696
"2019-2020","03","Adams Elementary-Middle School",0,"M","Two or More Races",5325828
"2019-2020","05","Adams Elementary-Middle School",0,"F","White",5910480
"2019-2020","04","Adams Elementary-Middle School",0,"M","Black/African American",7303312
"2019-2020","00","Adams Elementary-Middle School",0,"F","Asian",3699728
"2019-2020","08","Adams Elementary-Middle School",0,"M","Black/African American",5178717
"2019-2020","02","Adams Elementary-Middle School",0,"F","Black/African American",2724270
"2019-2020","05","Adams Elementary-Middle School",0,"F","Black/African American",4757785
"2019-2020","06","Adams Elementary-Middle School",0,"M","Hispanic/Latino",6253290
"2019-2020","06","Adams Elementary-Middle School",0,"M","Two or More Races",9908851
"2019-2020","00","Adams Elementary-Middle School",0,"M","Hispanic/Latino",6417110
"2019-2020","00","Adams Elementary-Middle School",0,"F","White",6267695
"2019-2020","01","Adams Elementary-Middle School",0,"M","Black/African American",2123460
"2019-2020","01","Adams Elementary-Middle School",0,"M","White",2382771
"2019-2020","00","Adams Elementary-Middle School",0,"F","Two or More Races",9088134
"2019-2020","04","Adams Elementary-Middle School",0,"F","Two or More Races",9323108
"2019-2020","07","Adams Elementary-Middle School",0,"M","Black/African American",4890707
"2019-2020","06","Adams Elementary-Middle School",0,"F","Black/African American",1153642
"2019-2020","01","Adams Elementary-Middle School",0,"F","Black/African American",4488290
"2019-2020","01","Adams Elementary-Middle School",0,"F","Asian",4139743
"2019-2020","05","Adams Elementary-Middle School",0,"M","Hispanic/Latino",8406552
"2019-2020","06","Adams Elementary-Middle School",0,"F","Two or More Races",8032600
"2019-2020","08","Adams Elementary-Middle School",0,"F","Black/African American",6515813
"2019-2020","02","Adams Elementary-Middle School",0,"M","Black/African American",5365974
"2019-2020","06","Adams Elementary-Middle School",0,"F","Black/African American",8176648
"2019-2020","01","Adams Elementary-Middle School",0,"F","Black/African American",9906232
"2019-2020","06","Adams Elementary-Middle School",0,"F","White",3382909
"2019-2020","00","Adams Elementary-Middle School",0,"M","White",9305757
"2019-2020","00","Adams Elementary-Middle School",0,"M","Two or More Races",4533520
"2019-2020","04","Adams Elementary-Middle School",0,"F","White",9367877
"2019-2020","05","Adams Elementary-Middle School",0,"F","Hispanic/Latino",9637349
"2019-2020","00","Adams Elementary-Middle School",0,"M","Black/African American",4505366
"2019-2020","03","Adams Elementary-Middle School",0,"M","Black/African American",7523737
"2019-2020","07","Adams Elementary-Middle School",0,"M","Black/African American",7304196
"2019-2020","02","Adams Elementary-Middle School",0,"F","Black/African American",8106496
"2019-2020","07","Adams Elementary-Middle School",0,"M","Black/African American",8177212
"2019-2020","00","Adams Elementary-Middle School",0,"M","Two or More Races",5674646
"2019-2020","00","Adams Elementary-Middle School",0,"F","Black/African American",7758926
"2019-2020","04","Adams Elementary-Middle School",0,"F","Hispanic/Latino",7013069
"2019-2020","07","Adams Elementary-Middle School",0,"F","Two or More Races",3008499
"2019-2020","04","Adams Elementary-Middle School",0,"M","Hispanic/Latino",7479121
"2019-2020","08","Adams Elementary-Middle School",0,"M","White",8587677
"2019-2020","08","Adams Elementary-Middle School",0,"F","Black/African American",7790906
"2019-2020","00","Adams Elementary-Middle School",1,"F","White",7155001
"2019-2020","04","Adams Elementary-Middle School",0,"M","Two or More Races",5261059
"2019-2020","03","Adams Elementary-Middle School",0,"F","White",6581697
"2019-2020","01","Adams Elementary-Middle School",0,"M","Hispanic/Latino",3568034
"2019-2020","04","Adams Elementary-Middle School",0,"F","Two or More Races",4355292
"2019-2020","00","Adams Elementary-Middle School",0,"M","Asian",5845514
"2019-2020","03","Adams Elementary-Middle School",0,"M","White",6103178
"2019-2020","05","Adams Elementary-Middle School",0,"M","Two or More Races",4921694
"2019-2020","01","Adams Elementary-Middle School",0,"F","Black/African American",1221906
"2019-2020","01","Adams Elementary-Middle School",0,"M","Hispanic/Latino",5030381
"2019-2020","08","Adams Elementary-Middle School",0,"F","White",7579998
"2019-2020","06","Adams Elementary-Middle School",0,"M","Black/African American",6295612
"2019-2020","03","Adams Elementary-Middle School",0,"M","Black/African American",8520841
"2019-2020","03","Adams Elementary-Middle School",0,"F","Two or More Races",4355992
"2019-2020","07","Adams Elementary-Middle School",1,"F","Black/African American",1161976
"2019-2020","07","Adams Elementary-Middle School",0,"M","Hispanic/Latino",5964724
"2019-2020","02","Adams Elementary-Middle School",0,"M","Hispanic/Latino",2206856
"2019-2020","06","Adams Elementary-Middle School",0,"F","Asian",2936983
"2019-2020","03","Adams Elementary-Middle School",0,"F","Two or More Races",2131606
"2019-2020","04","Adams Elementary-Middle School",0,"M","White",1617059
"2019-2020","04","Adams Elementary-Middle School",0,"F","Black/African American",1213984
"2019-2020","05","Adams Elementary-Middle School",0,"M","White",5913281
"2019-2020","06","Adams Elementary-Middle School",0,"M","Black/African American",3949655
"2019-2020","01","Adams Elementary-Middle School",0,"M","Asian",9046623
"2019-2020","08","Adams Elementary-Middle School",0,"M","Hispanic/Latino",6175340
"2019-2020","00","Adams Elementary-Middle School",0,"M","Hispanic/Latino",8147457
"2019-2020","01","Adams Elementary-Middle School",0,"M","Black/African American",9064983
"2019-2020","06","Adams Elementary-Middle School",0,"M","Hispanic/Latino",8618044
"2019-2020","07","Adams Elementary-Middle School",0,"M","White",6019978
"2019-2020","04","Adams Elementary-Middle School",0,"F","Black/African American",3177775
"2019-2020","08","Adams Elementary-Middle School",0,"M","Two or More Races",1707169
"2019-2020","00","Adams Elementary-Middle School",0,"M","White",8347501
"2019-2020","08","Adams Elementary-Middle School",0,"M","Black/African American",4885410
"2019-2020","00","Adams Elementary-Middle School",0,"F","Black/African American",7059129
"2019-2020","03","Adams Elementary-Middle School",0,"M","White",7083492
"2019-2020","01","Adams Elementary-Middle School",0,"F","Black/African American",9243008
"2019-2020","00","Adams Elementary-Middle School",0,"F","Asian",9467301
"2019-2020","06","Adams Elementary-Middle School",0,"F","Hispanic/Latino",1776381
"2019-2020","05","Adams Elementary-Middle School",0,"M","Hispanic/Latino",5884158
"2019-2020","06","Adams Elementary-Middle School",0,"M","Black/African American",7365323
"2019-2020","04","Adams Elementary-Middle School",0,"M","Black/African American",3518863
"2019-2020","03","Adams Elementary-Middle School",0,"M","Black/African American",8482383
"2019-2020","07","Adams Elementary-Middle School",0,"F","Two or More Races",2536414
"2019-2020","01","Adams Elementary-Middle School",0,"F","Two or More Races",7541289
"2019-2020","01","Adams Elementary-Middle School",0,"F","Black/African American",6262585
"2019-2020","06","Adams Elementary-Middle School",0,"F","Asian",7659709
"2019-2020","07","Adams Elementary-Middle School",1,"F","Black/African American",1239382
"2019-2020","05","Adams Elementary-Middle School",0,"F","Black/African American",6881787
"2019-2020","06","Adams Elementary-Middle School",1,"F","Hispanic/Latino",8800778
"2019-2020","04","Adams Elementary-Middle School",0,"M","Asian",9659796
"2019-2020","03","Adams Elementary-Middle School",0,"F","White",5471420
"2019-2020","05","Adams Elementary-Middle School",0,"F","Asian",9392594
"2019-2020","07","Adams Elementary-Middle School",1,"F","Hispanic/Latino",2562957
"2019-2020","07","Adams Elementary-Middle School",0,"F","Hispanic/Latino",3961920
"2019-2020","07","Adams Elementary-Middle School",0,"F","White",8025673
"2019-2020","00","Adams Elementary-Middle School",0,"M","White",8077884
"2019-2020","00","Adams Elementary-Middle School",0,"F","Hispanic/Latino",3779856
"2019-2020","00","Adams Elementary-Middle School",0,"M","White",5073935
"2019-2020","03","Adams Elementary-Middle School",0,"F","Two or More Races",7955104
"2019-2020","07","Adams Elementary-Middle School",0,"M","Asian",2668853
"2019-2020","06","Adams Elementary-Middle School",0,"M","Hispanic/Latino",8073996
"2019-2020","01","Adams Elementary-Middle School",0,"M","Hispanic/Latino",9947767
"2019-2020","00","Adams Elementary-Middle School",0,"F","Hispanic/Latino",4577097
"2019-2020","06","Adams Elementary-Middle School",0,"M","Hispanic/Latino",5431624
"2019-2020","06","Adams Elementary-Middle School",0,"F","Two or More Races",7691378
"2019-2020","02","Adams Elementary-Middle School",0,"F","Black/African American",5308212
"2019-2020","05","Adams Elementary-Middle School",0,"M","Hispanic/Latino",7393886
"2019-2020","07","Adams Elementary-Middle School",0,"M","Black/African American",6193065
"2019-2020","06","Adams Elementary-Middle School",0,"M","Black/African American",9789698
"2019-2020","00","Adams Elementary-Middle School",0,"M","Hispanic/Latino",8992068
"2019-2020","00","Adams Elementary-Middle School",0,"F","Two or More Races",4285738
"2019-2020","05","Adams Elementary-Middle School",0,"M","Black/African American",3339042
"2019-2020","07","Adams Elementary-Middle School",0,"M","Hispanic/Latino",2671059
"2019-2020","05","Adams Elementary-Middle School",0,"M","White",1579790
"2019-2020","03","Adams Elementary-Middle School",0,"F","Hispanic/Latino",7023287
"2019-2020","05","Adams Elementary-Middle School",0,"F","Hispanic/Latino",7720157
"2019-2020","05","Adams Elementary-Middle School",0,"F","Hispanic/Latino",9049094
"2019-2020","06","Adams Elementary-Middle School",0,"M","White",5434630
"2019-2020","04","Adams Elementary-Middle School",0,"M","Black/African American",9533724
"2019-2020","08","Adams Elementary-Middle School",0,"F","Asian",4753939
"2019-2020","02","Adams Elementary-Middle School",0,"F","Hispanic/Latino",9634594
"2019-2020","06","Adams Elementary-Middle School",0,"M","Black/African American",7325726
"2019-2020","06","Adams Elementary-Middle School",0,"F","Asian",2984945
"2019-2020","08","Adams Elementary-Middle School",0,"M","Black/African American",2112228
"2019-2020","04","Adams Elementary-Middle School",0,"F","Black/African American",7437844
"2019-2020","07","Adams Elementary-Middle School",0,"M","Asian",3992334
"2019-2020","00","Adams Elementary-Middle School",0,"M","Black/African American",3384990
"2019-2020","00","Adams Elementary-Middle School",0,"M","Hispanic/Latino",9670709
"2019-2020","04","Adams Elementary-Middle School",0,"F","Black/African American",2571523
"2019-2020","02","Adams Elementary-Middle School",0,"M","Hispanic/Latino",7814739
"2019-2020","04","Adams Elementary-Middle School",0,"M","Hispanic/Latino",3822428
"2019-2020","08","Adams Elementary-Middle School",0,"F","Black/African American",4808706
"2019-2020","00","Adams Elementary-Middle School",0,"F","Hispanic/Latino",8980302
"2019-2020","03","Adams Elementary-Middle School",0,"F","Black/African American",6645472
"2019-2020","05","Adams Elementary-Middle School",0,"F","Black/African American",2825170
"2019-2020","03","Adams Elementary-Middle School",0,"F","Black/African American",2489032
"2019-2020","03","Adams Elementary-Middle School",1,"F","Hispanic/Latino",9227440
"2019-2020","08","Adams Elementary-Middle School",0,"M","Hispanic/Latino",5331600
"2019-2020","02","Adams Elementary-Middle School",0,"F","Hispanic/Latino",5999581
"2019-2020","08","Adams Elementary-Middle School",0,"F","Hispanic/Latino",5764230
"2019-2020","03","Adams Elementary-Middle School",0,"M","White",5296430
"2019-2020","08","Adams Elementary-Middle School",1,"M","Black/African American",5619394
"2019-2020","03","Adams Elementary-Middle School",0,"M","White",1785284
"2019-2020","04","Adams Elementary-Middle School",0,"M","Hispanic/Latino",2244497
"2019-2020","06","Adams Elementary-Middle School",0,"F","Hispanic/Latino",1357121
"2019-2020","07","Adams Elementary-Middle School",0,"F","Black/African American",4521864
"2019-2020","00","Adams Elementary-Middle School",0,"F","Hispanic/Latino",5789053
"2019-2020","03","Adams Elementary-Middle School",0,"M","Hispanic/Latino",9163705
"2019-2020","03","Adams Elementary-Middle School",0,"M","Hispanic/Latino",9152594
"2019-2020","06","Adams Elementary-Middle School",0,"M","Black/African American",5528607
"2019-2020","05","Adams Elementary-Middle School",0,"F","White",4281122
"2019-2020","02","Adams Elementary-Middle School",0,"M","Hispanic/Latino",6299573
"2019-2020","05","Adams Elementary-Middle School",0,"M","Black/African American",4775275
"2019-2020","03","Adams Elementary-Middle School",0,"M","Asian",4392460
"2019-2020","02","Adams Elementary-Middle School",0,"F","Hispanic/Latino",9951764
"2019-2020","07","Adams Elementary-Middle School",0,"F","Black/African American",3657131
"2019-2020","03","Adams Elementary-Middle School",0,"F","Hispanic/Latino",5424134
"2019-2020","02","Adams Elementary-Middle School",0,"F","Black/African American",4010939
"2019-2020","08","Adams Elementary-Middle School",0,"F","Hispanic/Latino",5433720
"2019-2020","05","Adams Elementary-Middle School",0,"F","Asian",6250920
"2019-2020","01","Adams Elementary-Middle School",0,"F","Hispanic/Latino",9308451
"2019-2020","03","Adams Elementary-Middle School",0,"F","Asian",9537255
"2019-2020","01","Adams Elementary-Middle School",1,"F","White",5992003
"2019-2020","01","Adams Elementary-Middle School",0,"F","Black/African American",2958711
"2019-2020","00","Adams Elementary-Middle School",0,"M","White",7466544
"2019-2020","01","Adams Elementary-Middle School",0,"F","Black/African American",3106626
"2019-2020","01","Adams Elementary-Middle School",0,"F","Black/African American",4084642
"2019-2020","00","Adams Elementary-Middle School",0,"M","Asian",8517331
"2019-2020","01","Adams Elementary-Middle School",0,"M","Hispanic/Latino",4848496
"2019-2020","07","Adams Elementary-Middle School",0,"F","Two or More Races",5883150
"2019-2020","06","Adams Elementary-Middle School",0,"M","Black/African American",4356392
"2019-2020","04","Adams Elementary-Middle School",0,"F","Hispanic/Latino",2166747
"2019-2020","03","Adams Elementary-Middle School",0,"F","Black/African American",5560872
"2019-2020","01","Adams Elementary-Middle School",1,"M","Black/African American",9252160
"2019-2020","08","Adams Elementary-Middle School",0,"F","Black/African American",3933007
"2019-2020","01","Adams Elementary-Middle School",0,"F","Black/African American",6766977
"2019-2020","00","Adams Elementary-Middle School",0,"F","Black/African American",8444708
"2019-2020","04","Adams Elementary-Middle School",0,"F","Hispanic/Latino",3543435
"2019-2020","07","Adams Elementary-Middle School",0,"M","Black/African American",1859483
"2019-2020","08","Adams Elementary-Middle School",0,"M","Black/African American",4414883
"2019-2020","06","Adams Elementary-Middle School",0,"M","Hispanic/Latino",2749718
"2019-2020","00","Adams Elementary-Middle School",0,"M","White",5238238
"2019-2020","00","Adams Elementary-Middle School",1,"M","White",7026289
"2019-2020","03","Adams Elementary-Middle School",0,"M","Two or More Races",4997814
"2019-2020","08","Adams Elementary-Middle School",0,"F","Black/African American",4544161
"2019-2020","08","Adams Elementary-Middle School",0,"F","Black/African American",1636742
"2019-2020","03","Adams Elementary-Middle School",0,"M","White",4891548
"2019-2020","05","Adams Elementary-Middle School",0,"F","Black/African American",2937254
"2019-2020","07","Adams Elementary-Middle School",0,"M","Black/African American",2274688
"2019-2020","01","Adams Elementary-Middle School",0,"M","White",3035728
"2019-2020","03","Adams Elementary-Middle School",0,"M","Two or More Races",4577010
"2019-2020","02","Adams Elementary-Middle School",0,"M","Hispanic/Latino",3003904
"2019-2020","07","Adams Elementary-Middle School",0,"F","White",9451260
"2019-2020","08","Adams Elementary-Middle School",1,"M","Hispanic/Latino",5074185
"2019-2020","03","Adams Elementary-Middle School",0,"M","Black/African American",2584921
"2019-2020","04","Adams Elementary-Middle School",0,"M","Black/African American",3738262
"2019-2020","06","Adams Elementary-Middle School",0,"F","Asian",7430393
"2019-2020","01","Adams Elementary-Middle School",1,"M","Black/African American",4102293
"2019-2020","07","Adams Elementary-Middle School",1,"F","White",9142400
"2019-2020","08","Adams Elementary-Middle School",1,"M","Black/African American",6929733
"2019-2020","07","Adams Elementary-Middle School",1,"M","Hispanic/Latino",5482462
"2019-2020","07","Adams Elementary-Middle School",0,"F","Black/African American",6856769
"2019-2020","05","Adams Elementary-Middle School",0,"F","Hispanic/Latino",9035490
"2019-2020","04","Adams Elementary-Middle School",0,"M","White",9061568
"2019-2020","04","Adams Elementary-Middle School",0,"F","Hispanic/Latino",8217741
"2019-2020","05","Adams Elementary-Middle School",0,"M","Two or More Races",1386673
"2019-2020","05","Adams Elementary-Middle School",0,"M","Black/African American",3960361
"2019-2020","00","Adams Elementary-Middle School",0,"M","Asian",5485658
"2019-2020","08","Adams Elementary-Middle School",0,"M","White",9095714
"2019-2020","05","Adams Elementary-Middle School",0,"F","Black/African American",9008626
"2019-2020","03","Adams Elementary-Middle School",0,"M","Black/African American",1918579
"2019-2020","00","Adams Elementary-Middle School",0,"F","White",1265498
"2019-2020","08","Adams Elementary-Middle School",0,"F","Black/African American",6481510
"2019-2020","07","Adams Elementary-Middle School",0,"F","Hispanic/Latino",9438633
"2019-2020","04","Adams Elementary-Middle School",0,"F","Asian",9331865
"2019-2020","01","Adams Elementary-Middle School",0,"M","Black/African American",7815746
"2019-2020","03","Adams Elementary-Middle School",1,"M","Black/African American",5661425
"2019-2020","01","Adams Elementary-Middle School",0,"M","Black/African American",1991183
"2019-2020","06","Adams Elementary-Middle School",0,"F","Black/African American",4450839
"2019-2020","04","Adams Elementary-Middle School",0,"F","Two or More Races",5096329
"2019-2020","05","Adams Elementary-Middle School",0,"F","White",4937156
"2019-2020","05","Adams Elementary-Middle School",1,"F","Two or More Races",2233241
"2019-2020","01","Adams Elementary-Middle School",0,"M","Asian",1778199
"2019-2020","07","Adams Elementary-Middle School",1,"F","Black/African American",3193279
"2019-2020","00","Adams Elementary-Middle School",0,"F","Hispanic/Latino",3502384
"2019-2020","07","Adams Elementary-Middle School",0,"F","Black/African American",5624284
"2019-2020","07","Adams Elementary-Middle School",0,"F","Hispanic/Latino",2826850
"2019-2020","04","Adams Elementary-Middle School",1,"M","Black/African American",1408829
"2019-2020","02","Adams Elementary-Middle School",0,"M","Asian",5802991
"2019-2020","00","Adams Elementary-Middle School",0,"M","Hispanic/Latino",1316959
"2019-2020","02","Adams Elementary-Middle School",0,"M","Asian",9584449
"2019-2020","00","Adams Elementary-Middle School",0,"M","Asian",9771575
"2019-2020","00","Adams Elementary-Middle School",0,"F","Hispanic/Latino",7693574
"2019-2020","01","Adams Elementary-Middle School",0,"M","Two or More Races",1532284
"2019-2020","02","Adams Elementary-Middle School",0,"M","White",5508258
"2019-2020","01","Adams Elementary-Middle School",0,"M","White",5058561
"2019-2020","08","Adams Elementary-Middle School",1,"F","Black/African American",6961981
"2019-2020","07","Adams Elementary-Middle School",0,"M","Black/African American",2613121
"2019-2020","03","Adams Elementary-Middle School",0,"F","White",1634462
"2019-2020","07","Adams Elementary-Middle School",0,"M","Hispanic/Latino",2986982
"2019-2020","07","Adams Elementary-Middle School",0,"M","Black/African American",5932257
"2019-2020","06","Adams Elementary-Middle School",0,"M","Hispanic/Latino",4001255
"2019-2020","00","Adams Elementary-Middle School",0,"M","Black/African American",9046429
"2019-2020","04","Adams Elementary-Middle School",0,"F","Hispanic/Latino",8895131
"2019-2020","03","Adams Elementary-Middle School",0,"F","Hispanic/Latino",7586411
"2019-2020","03","Adams Elementary-Middle School",0,"F","Hispanic/Latino",4876412
"2019-2020","01","Adams Elementary-Middle School",0,"F","Black/African American",5835368
"2019-2020","05","Adams Elementary-Middle School",0,"M","Black/African American",2654269
"2019-2020","06","Adams Elementary-Middle School",0,"F","Asian",5805954
"2019-2020","04","Adams Elementary-Middle School",0,"F","Black/African American",3182901
"2019-2020","04","Adams Elementary-Middle School",0,"M","Two or More Races",4760963
"2019-2020","01","Adams Elementary-Middle School",0,"F","Hispanic/Latino",9072722
"2019-2020","07","Adams Elementary-Middle School",0,"M","Hispanic/Latino",6230403
"2019-2020","03","Adams Elementary-Middle School",0,"F","Hispanic/Latino",9723084
"2019-2020","02","Adams Elementary-Middle School",0,"M","White",6036065
"2019-2020","02","Adams Elementary-Middle School",0,"M","Asian",3673083
"2019-2020","04","Adams Elementary-Middle School",1,"M","Black/African American",7836928
"2019-2020","00","Adams Elementary-Middle School",0,"M","Black/African American",4342568
"2019-2020","05","Adams Elementary-Middle School",1,"F","Black/African American",5791233
"2019-2020","08","Adams Elementary-Middle School",0,"M","White",3342725
"2019-2020","03","Adams Elementary-Middle School",0,"M","Two or More Races",3184037
"2019-2020","08","Adams Elementary-Middle School",0,"F","Black/African American",9332896
"2019-2020","05","Adams Elementary-Middle School",0,"M","Black/African American",8444511
"2019-2020","07","Adams Elementary-Middle School",0,"M","Hispanic/Latino",3381718
"2019-2020","05","Adams Elementary-Middle School",0,"M","Black/African American",6138184
"2019-2020","06","Adams Elementary-Middle School",1,"M","White",4941482
"2019-2020","05","Adams Elementary-Middle School",0,"F","Black/African American",2987295
"2019-2020","06","Adams Elementary-Middle School",0,"F","Black/African American",2326801
"2019-2020","07","Adams Elementary-Middle School",0,"M","Black/African American",6303714
"2019-2020","03","Adams Elementary-Middle School",0,"M","Asian",4818644
"2019-2020","02","Adams Elementary-Middle School",0,"M","Hispanic/Latino",5499108
"2019-2020","05","Adams Elementary-Middle School",0,"M","Two or More Races",4170904
"2019-2020","07","Adams Elementary-Middle School",0,"F","Black/African American",2039556
"2019-2020","04","Adams Elementary-Middle School",0,"F","White",9250195
"2019-2020","07","Adams Elementary-Middle School",0,"M","White",7571749
"2019-2020","07","Adams Elementary-Middle School",0,"F","Hispanic/Latino",9587976
"2019-2020","08","Adams Elementary-Middle School",0,"F","Black/African American",9765902
"2019-2020","03","Adams Elementary-Middle School",0,"F","Hispanic/Latino",5752149
"2019-2020","01","Adams Elementary-Middle School",0,"M","Black/African American",4384605
"2019-2020","05","Adams Elementary-Middle School",0,"M","Black/African American",1888311
"2019-2020","03","Adams Elementary-Middle School",0,"M","Black/African American",2701533
"2019-2020","03","Adams Elementary-Middle School",0,"M","Hispanic/Latino",1791476
"2019-2020","01","Adams Elementary-Middle School",0,"M","Two or More Races",2353045
"2019-2020","06","Adams Elementary-Middle School",0,"F","White",4712491
"2019-2020","06","Adams Elementary-Middle School",0,"M","Black/African American",2665666
"2019-2020","06","Adams Elementary-Middle School",0,"F","Hispanic/Latino",2146656
"2019-2020","04","Adams Elementary-Middle School",0,"F","Hispanic/Latino",4745225
"2019-2020","06","Adams Elementary-Middle School",0,"M","Black/African American",7332729
"2019-2020","00","Adams Elementary-Middle School",0,"F","Black/African American",8377698
"2019-2020","08","Adams Elementary-Middle School",0,"F","Hispanic/Latino",4753624
"2019-2020","06","Adams Elementary-Middle School",0,"F","White",7267816
"2019-2020","03","Adams Elementary-Middle School",0,"M","Asian",7000254
"2019-2020","08","Adams Elementary-Middle School",1,"F","Asian",5876945
"2019-2020","03","Adams Elementary-Middle School",0,"F","Black/African American",7564536
"2019-2020","08","Adams Elementary-Middle School",0,"M","Hispanic/Latino",6463195
"2019-2020","03","Adams Elementary-Middle School",0,"M","White",4800323
"2019-2020","04","Adams Elementary-Middle School",0,"F","Hispanic/Latino",8341498
"2019-2020","01","Adams Elementary-Middle School",0,"F","Two or More Races",8337464
"2019-2020","07","Adams Elementary-Middle School",0,"M","Black/African American",9641866
"2019-2020","05","Adams Elementary-Middle School",0,"F","Hispanic/Latino",7408185
"2019-2020","05","Adams Elementary-Middle School",0,"M","Black/African American",1992794
"2019-2020","00","Adams Elementary-Middle School",0,"M","Black/African American",5158342
"2019-2020","00","Adams Elementary-Middle School",0,"M","Black/African American",4438282
"2019-2020","01","Adams Elementary-Middle School",0,"F","White",3917592
"2019-2020","01","Adams Elementary-Middle School",0,"M","Hispanic/Latino",4015392
"2019-2020","05","Adams Elementary-Middle School",0,"F","Hispanic/Latino",2943221
"2019-2020","06","Adams Elementary-Middle School",0,"M","White",6595186
"2019-2020","08","Adams Elementary-Middle School",1,"M","Hispanic/Latino",9118290
"2019-2020","07","Adams Elementary-Middle School",0,"F","White",1873438
"2019-2020","05","Adams Elementary-Middle School",0,"F","Black/African American",8240773
"2019-2020","04","Adams Elementary-Middle School",0,"M","Black/African American",6156069
"2019-2020","00","Adams Elementary-Middle School",0,"M","White",3665831
"2019-2020","04","Adams Elementary-Middle School",0,"F","White",6287708
"2019-2020","01","Adams Elementary-Middle School",0,"F","White",2316410
"2019-2020","07","Adams Elementary-Middle School",1,"M","Black/African American",6786511
"2019-2020","05","Adams Elementary-Middle School",0,"M","Hispanic/Latino",1686624
"2019-2020","06","Adams Elementary-Middle School",0,"F","Hispanic/Latino",6771769
"2019-2020","02","Adams Elementary-Middle School",0,"F","Black/African American",3725696
"2019-2020","04","Adams Elementary-Middle School",0,"M","White",9318420
"2019-2020","02","Adams Elementary-Middle School",0,"M","Hispanic/Latino",2329719
"2019-2020","04","Adams Elementary-Middle School",0,"M","White",7138181
"2019-2020","04","Adams Elementary-Middle School",0,"F","Black/African American",7485414
"2019-2020","01","Adams Elementary-Middle School",0,"F","Hispanic/Latino",9117595
"2019-2020","06","Adams Elementary-Middle School",0,"F","Black/African American",1961390
"2019-2020","08","Adams Elementary-Middle School",0,"F","Black/African American",3482160
"2019-2020","07","Adams Elementary-Middle School",0,"F","Black/African American",8865801
"2019-2020","04","Adams Elementary-Middle School",0,"F","White",3696922
"2019-2020","07","Adams Elementary-Middle School",0,"F","Hispanic/Latino",8269556
"2019-2020","04","Adams Elementary-Middle School",0,"M","Hispanic/Latino",1680455
"2019-2020","07","Adams Elementary-Middle School",0,"M","Two or More Races",4841660
"2019-2020","01","Adams Elementary-Middle School",0,"F","Hispanic/Latino",7763798
"2019-2020","02","Adams Elementary-Middle School",0,"F","Black/African American",6537658
"2019-2020","07","Adams Elementary-Middle School",0,"F","Black/African American",7720662
"2019-2020","05","Adams Elementary-Middle School",0,"F","Hispanic/Latino",7713285
"2019-2020","08","Adams Elementary-Middle School",0,"F","Black/African American",8205250
"2019-2020","04","Adams Elementary-Middle School",0,"M","Hispanic/Latino",1211075
"2019-2020","08","Adams Elementary-Middle School",0,"M","Hispanic/Latino",8457585
"2019-2020","07","Adams Elementary-Middle School",0,"M","Black/African American",5685995
"2019-2020","07","Adams Elementary-Middle School",0,"M","White",5363642
"2019-2020","00","Adams Elementary-Middle School",0,"M","Hispanic/Latino",6387894
"2019-2020","03","Adams Elementary-Middle School",0,"F","Two or More Races",5326586
"2019-2020","05","Adams Elementary-Middle School",0,"F","Asian",9820701
"2019-2020","01","Adams Elementary-Middle School",0,"M","Two or More Races",3728680
"2019-2020","02","Adams Elementary-Middle School",0,"M","Hispanic/Latino",7769878
"2019-2020","03","Adams Elementary-Middle School",0,"F","Hispanic/Latino",8594496
"2019-2020","03","Adams Elementary-Middle School",0,"F","Hispanic/Latino",2661890
"2019-2020","05","Adams Elementary-Middle School",0,"M","White",9032170
"2019-2020","01","Adams Elementary-Middle School",0,"M","White",6706574
"2019-2020","05","Adams Elementary-Middle School",0,"F","Black/African American",8591305
"2019-2020","06","Adams Elementary-Middle School",0,"M","White",8456240
"2019-2020","00","Adams Elementary-Middle School",0,"M","Black/African American",4751643
"2019-2020","06","Adams Elementary-Middle School",0,"M","White",5741513
"2019-2020","08","Adams Elementary-Middle School",0,"M","White",5228432
"2019-2020","01","Adams Elementary-Middle School",0,"M","Hispanic/Latino",7957185
"2019-2020","05","Adams Elementary-Middle School",0,"F","Two or More Races",1380442
"2019-2020","00","Adams Elementary-Middle School",0,"M","Black/African American",2064687
"2019-2020","07","Adams Elementary-Middle School",0,"F","Hispanic/Latino",1351530
"2019-2020","05","Adams Elementary-Middle School",0,"F","Asian",7061110
"2019-2020","08","Adams Elementary-Middle School",0,"M","White",7723148
"2019-2020","08","Adams Elementary-Middle School",0,"M","Two or More Races",2275084
"2019-2020","04","Adams Elementary-Middle School",0,"F","Hispanic/Latino",2596800
"2019-2020","03","Adams Elementary-Middle School",0,"M","Hispanic/Latino",4524395
"2019-2020","02","Adams Elementary-Middle School",0,"M","Asian",3041246
"2019-2020","01","Adams Elementary-Middle School",0,"M","Hispanic/Latino",5614884
"2019-2020","02","Adams Elementary-Middle School",0,"F","Hispanic/Latino",6984604
"2019-2020","01","Adams Elementary-Middle School",0,"M","Black/African American",2515664
"2019-2020","07","Adams Elementary-Middle School",0,"M","White",7309373
"2019-2020","06","Adams Elementary-Middle School",0,"F","Black/African American",8120748
"2019-2020","07","Adams Elementary-Middle School",0,"F","White",9874798
"2019-2020","01","Adams Elementary-Middle School",0,"F","Black/African American",2781548
"2019-2020","04","Adams Elementary-Middle School",0,"F","Black/African American",4181753
"2019-2020","00","Adams Elementary-Middle School",0,"M","Hispanic/Latino",3662955
"2019-2020","02","Adams Elementary-Middle School",0,"F","Black/African American",4501816
"2019-2020","08","Adams Elementary-Middle School",0,"F","Black/African American",4653526
"2019-2020","03","Adams Elementary-Middle School",0,"M","Black/African American",3645981
"2019-2020","00","Adams Elementary-Middle School",0,"M","Two or More Races",9653564
"2019-2020","03","Adams Elementary-Middle School",0,"F","Hispanic/Latino",7402321
"2019-2020","06","Adams Elementary-Middle School",0,"M","Asian",8488401
"2019-2020","00","Adams Elementary-Middle School",0,"M","Black/African American",2797169
"2019-2020","04","Adams Elementary-Middle School",0,"F","Hispanic/Latino",2961733
"2019-2020","07","Adams Elementary-Middle School",0,"M","Two or More Races",5836466
"2019-2020","02","Adams Elementary-Middle School",0,"M","Asian",3562044
"2019-2020","01","Adams Elementary-Middle School",0,"M","Hispanic/Latino",9928491
"2019-2020","04","Adams Elementary-Middle School",0,"F","Black/African American",8834858
"2019-2020","00","Adams Elementary-Middle School",0,"M","White",3887217
"2019-2020","00","Adams Elementary-Middle School",0,"M","Black/African American",3043319
"2019-2020","01","Adams Elementary-Middle School",0,"M","Black/African American",8016995
"2019-2020","02","Adams Elementary-Middle School",0,"M","Black/African American",9628859
"2019-2020","01","Adams Elementary-Middle School",0,"M","Black/African American",3732087
"2019-2020","06","Adams Elementary-Middle School",0,"M","Black/African American",8202975
"2019-2020","04","Adams Elementary-Middle School",0,"M","Hispanic/Latino",8152917
"2019-2020","06","Adams Elementary-Middle School",0,"F","Black/African American",3722008
"2019-2020","02","Adams Elementary-Middle School",0,"M","Black/African American",4384063
"2019-2020","05","Adams Elementary-Middle School",0,"M","Black/African American",3844967
"2019-2020","01","Adams Elementary-Middle School",1,"M","Black/African American",2491775
"2019-2020","06","Adams Elementary-Middle School",0,"F","Asian",8519584
"2019-2020","00","Adams Elementary-Middle School",0,"F","Black/African American",8658565
"2019-2020","04","Adams Elementary-Middle School",0,"F","White",2814960
"2019-2020","01","Adams Elementary-Middle School",0,"F","Hispanic/Latino",6963940
"2019-2020","03","Adams Elementary-Middle School",0,"F","Black/African American",6597622
"2019-2020","04","Adams Elementary-Middle School",0,"M","Black/African American",5289525
"2019-2020","07","Adams Elementary-Middle School",0,"F","Black/African American",5977022
"2019-2020","08","Adams Elementary-Middle School",0,"F","White",6543910
"2019-2020","04","Adams Elementary-Middle School",0,"F","Black/African American",8577775
"2019-2020","03","Adams Elementary-Middle School",0,"F","Black/African American",7828326
"2019-2020","00","Adams Elementary-Middle School",0,"F","Black/African American",9991871
"2019-2020","01","Adams Elementary-Middle School",0,"M","Two or More Races",3678424
"2019-2020","00","Adams Elementary-Middle School",0,"F","Hispanic/Latino",6892129
"2019-2020","05","Adams Elementary-Middle School",0,"M","Black/African American",9564347
"2019-2020","05","Adams Elementary-Middle School",0,"M","Two or More Races",5730721
"2019-2020","02","Adams Elementary-Middle School",0,"F","Hispanic/Latino",2860721
"2019-2020","04","Adams Elementary-Middle School",0,"F","Hispanic/Latino",9626461
"2019-2020","05","Adams Elementary-Middle School",0,"M","Hispanic/Latino",7184258
"2019-2020","07","Adams Elementary-Middle School",0,"M","Two or More Races",5298268
"2019-2020","04","Adams Elementary-Middle School",0,"M","Black/African American",2787904
"2019-2020","07","Adams Elementary-Middle School",0,"M","Asian",5277288
"2019-2020","07","Adams Elementary-Middle School",0,"F","Hispanic/Latino",9879617
"2019-2020","00","Adams Elementary-Middle School",0,"F","Black/African American",5738346
"2019-2020","02","Adams Elementary-Middle School",0,"M","Black/African American",5311687
"2019-2020","03","Adams Elementary-Middle School",0,"F","Black/African American",7670861
"2019-2020","01","Adams Elementary-Middle School",0,"M","White",5444304
"2019-2020","07","Adams Elementary-Middle School",0,"M","Two or More Races",3324291
"2019-2020","04","Adams Elementary-Middle School",0,"F","Black/African American",5963486
"2019-2020","00","Adams Elementary-Middle School",0,"F","Black/African American",9175784
"2019-2020","05","Adams Elementary-Middle School",0,"M","White",2734242
"2019-2020","06","Adams Elementary-Middle School",0,"M","Black/African American",7732712
"2019-2020","01","Adams Elementary-Middle School",0,"M","Two or More Races",8050510
"2019-2020","03","Adams Elementary-Middle School",0,"F","Asian",6356773
"2019-2020","08","Adams Elementary-Middle School",0,"M","White",2751849
"2019-2020","05","Adams Elementary-Middle School",0,"M","Black/African American",4963299
"2019-2020","06","Adams Elementary-Middle School",0,"M","Asian",9359522
"2019-2020","08","Adams Elementary-Middle School",0,"F","Two or More Races",2644667
"2019-2020","08","Adams Elementary-Middle School",0,"F","White",9870542
"2019-2020","06","Adams Elementary-Middle School",0,"M","Black/African American",7951480
"2019-2020","01","Adams Elementary-Middle School",0,"M","Black/African American",3923392
"2019-2020","03","Adams Elementary-Middle School",0,"F","White",8099579
"2019-2020","07","Adams Elementary-Middle School",1,"F","Two or More Races",1463755
"2019-2020","06","Adams Elementary-Middle School",0,"M","Black/African American",3376783
"2019-2020","00","Adams Elementary-Middle School",0,"M","Hispanic/Latino",6859427
"2019-2020","01","Adams Elementary-Middle School",0,"M","Hispanic/Latino",1888266
"2019-2020","02","Adams Elementary-Middle School",0,"F","Hispanic/Latino",3555245
"2019-2020","03","Adams Elementary-Middle School",0,"M","Hispanic/Latino",1707170
"2019-2020","02","Adams Elementary-Middle School",0,"M","Black/African American",6195589
"2019-2020","02","Adams Elementary-Middle School",0,"M","Black/African American",7541356
"2019-2020","03","Adams Elementary-Middle School",0,"M","White",2024919
"2019-2020","02","Adams Elementary-Middle School",0,"M","Black/African American",7792264
"2019-2020","05","Adams Elementary-Middle School",0,"F","Black/African American",3567859
"2019-2020","04","Adams Elementary-Middle School",0,"F","Black/African American",6908650
"2019-2020","01","Adams Elementary-Middle School",0,"M","Black/African American",9750355
"2019-2020","01","Adams Elementary-Middle School",0,"M","White",2749104
"2019-2020","07","Adams Elementary-Middle School",0,"F","Black/African American",8716500
"2019-2020","01","Adams Elementary-Middle School",0,"M","Black/African American",9971562
"2019-2020","01","Adams Elementary-Middle School",0,"F","Hispanic/Latino",3021233
"2019-2020","07","Adams Elementary-Middle School",0,"F","Asian",2374343
"2019-2020","03","Adams Elementary-Middle School",0,"M","White",5957624
"2019-2020","00","Adams Elementary-Middle School",0,"M","White",1771405
"2019-2020","00","Adams Elementary-Middle School",0,"F","Asian",4966537
"2019-2020","02","Adams Elementary-Middle School",0,"F","Black/African American",5043399
"2019-2020","05","Adams Elementary-Middle School",0,"M","Asian",2703227
"2019-2020","04","Adams Elementary-Middle School",0,"F","Hispanic/Latino",4647916
"2019-2020","04","Adams Elementary-Middle School",0,"M","Black/African American",8450669
"2019-2020","01","Adams Elementary-Middle School",0,"M","Black/African American",6651680
"2019-2020","00","Adams Elementary-Middle School",0,"F","White",1683137
"2019-2020","03","Adams Elementary-Middle School",0,"F","Hispanic/Latino",2092170
"2019-2020","02","Adams Elementary-Middle School",0,"M","White",5197118
"2019-2020","06","Adams Elementary-Middle School",0,"F","Black/African American",2848619
"2019-2020","04","Adams Elementary-Middle School",0,"M","Black/African American",9872245
"2019-2020","00","Adams Elementary-Middle School",0,"F","Hispanic/Latino",5980606
"2019-2020","01","Adams Elementary-Middle School",0,"F","Black/African American",5956332
"2019-2020","03","Adams Elementary-Middle School",0,"M","Black/African American",5901740
"2019-2020","08","Adams Elementary-Middle School",0,"F","White",4923451
"2019-2020","04","Adams Elementary-Middle School",0,"F","Hispanic/Latino",6062392
"2019-2020","02","Adams Elementary-Middle School",0,"M","Black/African American",5532053
"2019-2020","00","Adams Elementary-Middle School",0,"M","Black/African American",9069858
"2019-2020","03","Adams Elementary-Middle School",0,"F","Black/African American",5935130
"2019-2020","00","Adams Elementary-Middle School",0,"M","White",6016983
"2019-2020","05","Adams Elementary-Middle School",0,"F","Black/African American",4775010
"2019-2020","07","Adams Elementary-Middle School",0,"F","Two or More Races",6373473
"2019-2020","01","Adams Elementary-Middle School",0,"M","White",1660277
"2019-2020","05","Adams Elementary-Middle School",0,"M","Asian",7525814
"2019-2020","02","Adams Elementary-Middle School",0,"M","Hispanic/Latino",6233464
"2019-2020","04","Adams Elementary-Middle School",0,"M","Black/African American",2261004
"2019-2020","07","Adams Elementary-Middle School",0,"F","White",3692156
"2019-2020","01","Adams Elementary-Middle School",0,"F","Two or More Races",7793046
"2019-2020","06","Adams Elementary-Middle School",0,"F","Hispanic/Latino",1125535
"2019-2020","05","Adams Elementary-Middle School",0,"F","Black/African American",4691868
"2019-2020","00","Adams Elementary-Middle School",0,"M","White",3878578
"2019-2020","04","Adams Elementary-Middle School",0,"F","Black/African American",5615020
"2019-2020","02","Adams Elementary-Middle School",0,"F","Black/African American",7531492
"2019-2020","01","Adams Elementary-Middle School",0,"M","Black/African American",3526042
"2019-2020","00","Adams Elementary-Middle School",0,"F","White",4117661
"2019-2020","02","Adams Elementary-Middle School",0,"M","Hispanic/Latino",7362294
"2019-2020","02","Adams Elementary-Middle School",0,"F","Hispanic/Latino",4853596
"2019-2020","02","Adams Elementary-Middle School",0,"F","White",2425567
"2019-2020","05","Adams Elementary-Middle School",0,"F","Hispanic/Latino",4072856
"2019-2020","02","Adams Elementary-Middle School",0,"M","Two or More Races",9241859
"2019-2020","01","Adams Elementary-Middle School",0,"F","Hispanic/Latino",8432816
"2019-2020","00","Adams Elementary-Middle School",0,"F","Black/African American",3067040
"2019-2020","06","Adams Elementary-Middle School",0,"F","Black/African American",5154170
"2019-2020","00","Adams Elementary-Middle School",0,"F","Black/African American",3251981
"2019-2020","03","Adams Elementary-Middle School",0,"M","Black/African American",8100219
"2019-2020","08","Adams Elementary-Middle School",0,"F","Hispanic/Latino",1939992
"2019-2020","04","Adams Elementary-Middle School",0,"F","Black/African American",8640580
"2019-2020","02","Adams Elementary-Middle School",0,"M","White",1233307
"2019-2020","08","Adams Elementary-Middle School",0,"M","Two or More Races",1433328
"2019-2020","00","Adams Elementary-Middle School",0,"M","White",4463361
"2019-2020","08","Adams Elementary-Middle School",0,"M","Black/African American",2363305
"2019-2020","05","Adams Elementary-Middle School",0,"M","Hispanic/Latino",3819374
"2019-2020","01","Adams Elementary-Middle School",0,"M","Black/African American",3541763
"2019-2020","01","Adams Elementary-Middle School",0,"F","Asian",5492577
"2019-2020","07","Adams Elementary-Middle School",0,"F","Black/African American",6207856
"2019-2020","00","Adams Elementary-Middle School",0,"F","White",5124291
"2019-2020","08","Adams Elementary-Middle School",0,"F","Hispanic/Latino",2384142
"2019-2020","03","Adams Elementary-Middle School",0,"M","Black/African American",8875114
"2019-2020","03","Adams Elementary-Middle School",0,"M","White",1305410
"2019-2020","06","Adams Elementary-Middle School",0,"M","Asian",4433367
"2019-2020","06","Adams Elementary-Middle School",0,"M","Asian",1774624
"2019-2020","05","Adams Elementary-Middle School",0,"M","Hispanic/Latino",7913553
"2019-2020","02","Adams Elementary-Middle School",0,"M","White",1551020
"2019-2020","07","Adams Elementary-Middle School",0,"M","Black/African American",5770001
"2019-2020","08","Adams Elementary-Middle School",1,"M","Asian",2596793
"2019-2020","00","Adams Elementary-Middle School",0,"F","Hispanic/Latino",3619458
"2019-2020","06","Adams Elementary-Middle School",0,"M","Black/African American",3018187
"2019-2020","01","Adams Elementary-Middle School",0,"F","Black/African American",9534386
"2019-2020","07","Adams Elementary-Middle School",0,"F","Two or More Races",6793698
"2019-2020","03","Adams Elementary-Middle School",0,"F","Black/African American",5199742
"2019-2020","03","Adams Elementary-Middle School",0,"F","Asian",7969774
"2019-2020","06","Adams Elementary-Middle School",0,"M","Hispanic/Latino",7767823
"2019-2020","02","Adams Elementary-Middle School",0,"M","Black/African American",6548927
"2019-2020","00","Adams Elementary-Middle School",0,"F","Black/African American",6088054
"2019-2020","04","Adams Elementary-Middle School",0,"F","Two or More Races",3793735
"2019-2020","07","Adams Elementary-Middle School",0,"M","Black/African American",7678396
"2019-2020","02","Adams Elementary-Middle School",0,"M","Black/African American",8164601
"2019-2020","02","Adams Elementary-Middle School",0,"F","Two or More Races",3164534
"2019-2020","02","Adams Elementary-Middle School",0,"F","Black/African American",3210463
"2019-2020","03","Adams Elementary-Middle School",0,"M","Hispanic/Latino",7579439
"2019-2020","06","Adams Elementary-Middle School",0,"F","Black/African American",3655438
"2019-2020","02","Adams Elementary-Middle School",0,"M","Hispanic/Latino",1479598
"2019-2020","02","Adams Elementary-Middle School",0,"M","Black/African American",1792801
"2019-2020","02","Adams Elementary-Middle School",0,"M","White",4259754
"2019-2020","02","Adams Elementary-Middle School",0,"M","Hispanic/Latino",7622264
"2019-2020","05","Adams Elementary-Middle School",0,"M","Black/African American",6567896
"2019-2020","00","Adams Elementary-Middle School",0,"M","Hispanic/Latino",7821262
"2019-2020","01","Adams Elementary-Middle School",0,"F","Black/African American",4034890
"2019-2020","01","Adams Elementary-Middle School",0,"M","Black/African American",3253818
"2019-2020","02","Adams Elementary-Middle School",0,"M","White",1409616
"2019-2020","08","Adams Elementary-Middle School",1,"M","Hispanic/Latino",2746704
"2019-2020","06","Adams Elementary-Middle School",0,"M","Hispanic/Latino",4581342
"2019-2020","07","Adams Elementary-Middle School",0,"F","Black/African American",6260480
"2019-2020","06","Adams Elementary-Middle School",0,"F","Asian",4591884
"2019-2020","04","Adams Elementary-Middle School",0,"F","Black/African American",1422059
"2019-2020","06","Adams Elementary-Middle School",0,"F","Two or More Races",8201260
"2019-2020","01","Adams Elementary-Middle School",0,"M","Black/African American",8750218
"2019-2020","01","Adams Elementary-Middle School",0,"M","Hispanic/Latino",8309248
"2019-2020","06","Adams Elementary-Middle School",1,"F","Two or More Races",5433901
"2019-2020","06","Adams Elementary-Middle School",0,"M","Two or More Races",6340164
"2019-2020","04","Adams Elementary-Middle School",0,"M","Asian",5837567
"2019-2020","06","Adams Elementary-Middle School",0,"M","Asian",6870144
"2019-2020","03","Adams Elementary-Middle School",0,"M","Black/African American",3200750
"2019-2020","07","Adams Elementary-Middle School",0,"F","Black/African American",1136988
"2019-2020","02","Adams Elementary-Middle School",0,"M","Black/African American",8443663
"2019-2020","05","Adams Elementary-Middle School",0,"F","White",7171788
"2019-2020","00","Adams Elementary-Middle School",0,"F","Hispanic/Latino",9870923
"2019-2020","07","Adams Elementary-Middle School",0,"M","White",8135279
"2019-2020","04","Adams Elementary-Middle School",0,"M","Black/African American",3938929
"2019-2020","02","Adams Elementary-Middle School",0,"M","Hispanic/Latino",5390527
"2019-2020","01","Adams Elementary-Middle School",0,"F","Hispanic/Latino",2186582
"2019-2020","07","Adams Elementary-Middle School",0,"M","Hispanic/Latino",7252299
"2019-2020","00","Adams Elementary-Middle School",0,"F","Hispanic/Latino",5186757
"2019-2020","07","Adams Elementary-Middle School",0,"F","Asian",2925512
"2019-2020","02","Adams Elementary-Middle School",0,"M","Hispanic/Latino",4079105
"2019-2020","03","Adams Elementary-Middle School",0,"M","Hispanic/Latino",1315281
"2019-2020","05","Adams Elementary-Middle School",0,"F","Two or More Races",8949553
"2019-2020","05","Adams Elementary-Middle School",0,"F","Hispanic/Latino",7189544
"2019-2020","05","Adams Elementary-Middle School",0,"M","Black/African American",9836028
"2019-2020","04","Adams Elementary-Middle School",0,"F","Hispanic/Latino",1127349
"2019-2020","01","Adams Elementary-Middle School",0,"F","White",3743173
"2019-2020","00","Adams Elementary-Middle School",0,"F","Black/African American",1291165
"2019-2020","06","Adams Elementary-Middle School",0,"M","Black/African American",8162778
"2019-2020","02","Adams Elementary-Middle School",0,"M","Hispanic/Latino",3964412
"2019-2020","05","Adams Elementary-Middle School",0,"F","Asian",7318085
"2019-2020","05","Adams Elementary-Middle School",0,"F","Black/African American",3847737
"2019-2020","03","Adams Elementary-Middle School",0,"F","Hispanic/Latino",8688969
"2019-2020","08","Adams Elementary-Middle School",0,"F","Hispanic/Latino",7460014
"2019-2020","01","Adams Elementary-Middle School",0,"M","White",9041164
"2019-2020","02","Adams Elementary-Middle School",0,"M","Asian",1819753
"2019-2020","03","Adams Elementary-Middle School",0,"M","Two or More Races",6018849
"2019-2020","07","Adams Elementary-Middle School",0,"M","Hispanic/Latino",1962051
"2019-2020","00","Adams Elementary-Middle School",0,"F","Hispanic/Latino",7691019
"2019-2020","08","Adams Elementary-Middle School",0,"F","Hispanic/Latino",2355856
"2019-2020","01","Adams Elementary-Middle School",0,"F","Black/African American",6623377
"2019-2020","02","Adams Elementary-Middle School",0,"F","White",4755040
"2019-2020","02","Adams Elementary-Middle School",0,"F","Black/African American",8763793
"2019-2020","00","Adams Elementary-Middle School",0,"M","Asian",7989205
"2019-2020","04","Adams Elementary-Middle School",0,"F","Hispanic/Latino",8378985
"2019-2020","00","Adams Elementary-Middle School",0,"M","White",6783100
"2019-2020","00","Adams Elementary-Middle School",0,"F","White",9097511
"2019-2020","06","Adams Elementary-Middle School",0,"F","Hispanic/Latino",7670835
"2019-2020","01","Adams Elementary-Middle School",0,"M","Black/African American",9042473
"2019-2020","01","Adams Elementary-Middle School",0,"F","Two or More Races",6557729
"2019-2020","00","Adams Elementary-Middle School",0,"F","Asian",6380366
"2019-2020","04","Adams Elementary-Middle School",0,"F","Hispanic/Latino",4929742
"2019-2020","08","Adams Elementary-Middle School",0,"M","Black/African American",7139924
"2019-2020","08","Adams Elementary-Middle School",0,"F","Black/African American",2373949
"2019-2020","04","Adams Elementary-Middle School",0,"F","Hispanic/Latino",8545824
"2019-2020","06","Adams Elementary-Middle School",0,"F","Two or More Races",6801771
"2019-2020","05","Adams Elementary-Middle School",0,"F","Two or More Races",9804177
"2019-2020","08","Adams Elementary-Middle School",0,"M","Hispanic/Latino",9150477
"2019-2020","03","Adams Elementary-Middle School",0,"M","Asian",3310254
"2019-2020","08","Adams Elementary-Middle School",0,"M","Hispanic/Latino",6290928
"2019-2020","05","Adams Elementary-Middle School",0,"F","Black/African American",7847284
"2019-2020","05","Adams Elementary-Middle School",0,"M","Hispanic/Latino",7814833
"2019-2020","00","Adams Elementary-Middle School",0,"F","Hispanic/Latino",5262766
"2019-2020","07","Adams Elementary-Middle School",0,"M","White",1660760
"2019-2020","03","Adams Elementary-Middle School",0,"M","Black/African American",8966096
"2019-2020","04","Adams Elementary-Middle School",0,"M","Black/African American",6749261
"2019-2020","06","Adams Elementary-Middle School",0,"M","White",4521902
"2019-2020","05","Adams Elementary-Middle School",0,"F","Two or More Races",3140269
"2019-2020","03","Adams Elementary-Middle School",0,"M","Black/African American",6351115
"2019-2020","08","Adams Elementary-Middle School",0,"F","Black/African American",4700442
"2019-2020","00","Adams Elementary-Middle School",0,"F","Black/African American",6776323
"2019-2020","06","Adams Elementary-Middle School",0,"F","Hispanic/Latino",8160533
"2019-2020","05","Adams Elementary-Middle School",0,"F","Black/African American",2350023
"2019-2020","08","Adams Elementary-Middle School",0,"F","Hispanic/Latino",9550150
"2019-2020","05","Adams Elementary-Middle School",0,"F","White",6697133
"2019-2020","00","Adams Elementary-Middle School",0,"M","Black/African American",7265975
"2019-2020","05","Adams Elementary-Middle School",0,"M","Black/African American",8064949
"2019-2020","06","Adams Elementary-Middle School",0,"F","Hispanic/Latino",9768792
"2019-2020","00","Adams Elementary-Middle School",1,"M","White",3536963
"2019-2020","02","Adams Elementary-Middle School",0,"M","Black/African American",5259459
"2019-2020","06","Adams Elementary-Middle School",0,"F","Hispanic/Latino",1408886
"2019-2020","03","Adams Elementary-Middle School",0,"F","Hispanic/Latino",7899166
"2019-2020","04","Adams Elementary-Middle School",1,"F","Asian",8590027
"2019-2020","03","Adams Elementary-Middle School",0,"F","White",2696902
"2019-2020","01","Adams Elementary-Middle School",0,"M","Hispanic/Latino",4549068
"2019-2020","08","Adams Elementary-Middle School",0,"F","White",3091200
"2019-2020","04","Adams Elementary-Middle School",0,"M","Black/African American",6200536
"2019-2020","05","Adams Elementary-Middle School",1,"M","White",1410102
"2019-2020","06","Adams Elementary-Middle School",0,"M","Hispanic/Latino",5006411
"2019-2020","00","Adams Elementary-Middle School",0,"M","Black/African American",4923193
"2019-2020","07","Adams Elementary-Middle School",0,"M","Black/African American",7819434
"2019-2020","00","Adams Elementary-Middle School",0,"M","White",6669940
"2019-2020","05","Adams Elementary-Middle School",0,"M","Two or More Races",8044242
"2019-2020","08","Adams Elementary-Middle School",0,"F","Black/African American",7765926
"2019-2020","08","Adams Elementary-Middle School",0,"M","Hispanic/Latino",2662989
"2019-2020","04","Adams Elementary-Middle School",0,"F","Hispanic/Latino",1468018
"2019-2020","08","Adams Elementary-Middle School",0,"F","Hispanic/Latino",8817367
"2019-2020","01","Adams Elementary-Middle School",0,"M","White",2232191
"2019-2020","08","Adams Elementary-Middle School",0,"M","Two or More Races",3869552
"2019-2020","04","Adams Elementary-Middle School",0,"F","Black/African American",2946940
"2019-2020","04","Adams Elementary-Middle School",0,"F","Two or More Races",3608924
"2019-2020","07","Adams Elementary-Middle School",0,"F","Two or More Races",7094141
"2019-2020","01","Adams Elementary-Middle School",0,"F","Black/African American",9670668
"2019-2020","05","Adams Elementary-Middle School",0,"F","Black/African American",4683445
"2019-2020","05","Adams Elementary-Middle School",1,"M","White",1584063
"2019-2020","08","Adams Elementary-Middle School",0,"F","Black/African American",3491012
"2019-2020","07","Adams Elementary-Middle School",0,"M","Two or More Races",3369406
"2019-2020","03","Adams Elementary-Middle School",0,"M","Black/African American",3559253
"2019-2020","02","Adams Elementary-Middle School",0,"F","Asian",3237356
"2019-2020","08","Adams Elementary-Middle School",0,"F","Black/African American",6428133
"2019-2020","01","Adams Elementary-Middle School",0,"M","Black/African American",3812736
"2019-2020","04","Adams Elementary-Middle School",0,"M","White",7229890
"2019-2020","00","Adams Elementary-Middle School",0,"M","Black/African American",1499107
"2019-2020","03","Adams Elementary-Middle School",0,"M","Hispanic/Latino",7589141
"2019-2020","02","Adams Elementary-Middle School",0,"M","Hispanic/Latino",3243944
"2019-2020","00","Adams Elementary-Middle School",0,"M","Black/African American",2026990
"2019-2020","04","Adams Elementary-Middle School",0,"F","Hispanic/Latino",2384980
"2019-2020","03","Adams Elementary-Middle School",0,"F","Black/African American",8764286
"2019-2020","03","Adams Elementary-Middle School",0,"F","White",6999704
"2019-2020","00","Adams Elementary-Middle School",0,"M","Two or More Races",9821673
"2019-2020","02","Adams Elementary-Middle School",0,"F","Two or More Races",8929010
"2019-2020","08","Adams Elementary-Middle School",0,"F","Two or More Races",8242149
"2019-2020","04","Adams Elementary-Middle School",0,"M","Hispanic/Latino",3621424
"2019-2020","07","Adams Elementary-Middle School",0,"F","White",4805923
"2019-2020","06","Adams Elementary-Middle School",0,"M","Black/African American",5620593
"2019-2020","03","Adams Elementary-Middle School",0,"M","Black/African American",5201121
"2019-2020","03","Adams Elementary-Middle School",1,"F","Black/African American",6522506
"2019-2020","00","Adams Elementary-Middle School",0,"F","Black/African American",8632967
"2019-2020","08","Adams Elementary-Middle School",0,"M","Black/African American",9587483
"2019-2020","07","Adams Elementary-Middle School",0,"M","Hispanic/Latino",4374422
"2019-2020","00","Adams Elementary-Middle School",1,"M","Hispanic/Latino",7251502
"2019-2020","06","Adams Elementary-Middle School",0,"F","Black/African American",8948112
"2019-2020","03","Adams Elementary-Middle School",0,"M","Hispanic/Latino",6007627
"2019-2020","05","Adams Elementary-Middle School",0,"F","Black/African American",3298707
"2019-2020","02","Adams Elementary-Middle School",0,"F","Hispanic/Latino",7250235
"2019-2020","07","Adams Elementary-Middle School",0,"F","Black/African American",1451743
"2019-2020","07","Adams Elementary-Middle School",0,"F","Black/African American",5975073
"2019-2020","03","Adams Elementary-Middle School",0,"F","Black/African American",2174598
"2019-2020","08","Adams Elementary-Middle School",0,"M","Asian",5241519
"2019-2020","05","Adams Elementary-Middle School",0,"M","Black/African American",4821058
"2019-2020","08","Adams Elementary-Middle School",0,"F","Two or More Races",2749123
"2019-2020","02","Adams Elementary-Middle School",0,"F","Two or More Races",4842550
"2019-2020","00","Adams Elementary-Middle School",0,"F","Black/African American",9900380
"2019-2020","01","Adams Elementary-Middle School",0,"M","Hispanic/Latino",8972121
"2019-2020","07","Adams Elementary-Middle School",0,"F","White",9191632
"2019-2020","08","Adams Elementary-Middle School",0,"F","Black/African American",1463790
"2019-2020","02","Adams Elementary-Middle School",0,"M","Black/African American",6696184
"2019-2020","03","Adams Elementary-Middle School",0,"M","Black/African American",5812348
"2019-2020","03","Adams Elementary-Middle School",0,"F","Black/African American",6344573
"2019-2020","05","Adams Elementary-Middle School",1,"M","Hispanic/Latino",5045129
"2019-2020","05","Adams Elementary-Middle School",0,"F","Black/African American",5095528
"2019-2020","00","Adams Elementary-Middle School",0,"M","White",1420012
"2019-2020","05","Adams Elementary-Middle School",0,"M","Black/African American",7985826
"2019-2020","07","Adams Elementary-Middle School",0,"M","White",3563292
"2019-2020","02","Adams Elementary-Middle School",0,"F","Hispanic/Latino",9454744
"2019-2020","01","Adams Elementary-Middle School",0,"M","Hispanic/Latino",9685406
"2019-2020","03","Adams Elementary-Middle School",0,"M","Two or More Races",1462611
"2019-2020","06","Adams Elementary-Middle School",0,"F","Hispanic/Latino",1329196
"2019-2020","02","Adams Elementary-Middle School",0,"M","White",7160603
"2019-2020","08","Adams Elementary-Middle School",0,"M","Asian",6222108
"2019-2020","06","Adams Elementary-Middle School",0,"F","Asian",3300453
"2019-2020","03","Adams Elementary-Middle School",0,"M","Hispanic/Latino",3615716
"2019-2020","00","Adams Elementary-Middle School",0,"M","Two or More Races",9233520
"2019-2020","08","Adams Elementary-Middle School",1,"F","White",5518008
"2019-2020","01","Adams Elementary-Middle School",0,"M","White",7893737
"2019-2020","07","Adams Elementary-Middle School",0,"F","White",9212604
"2019-2020","06","Adams Elementary-Middle School",0,"F","Black/African American",5942188
"2019-2020","01","Adams Elementary-Middle School",0,"F","Hispanic/Latino",2836972
"2019-2020","08","Adams Elementary-Middle School",0,"M","Black/African American",3952947
"2019-2020","02","Adams Elementary-Middle School",0,"M","Black/African American",2798715
"2019-2020","01","Adams Elementary-Middle School",0,"F","Asian",3422501
"2019-2020","01","Adams Elementary-Middle School",0,"M","Black/African American",3429519
"2019-2020","02","Adams Elementary-Middle School",0,"M","Black/African American",8003200
"2019-2020","06","Adams Elementary-Middle School",0,"F","Black/African American",1875764
"2019-2020","01","Adams Elementary-Middle School",0,"M","Two or More Races",5528801
"2019-2020","06","Adams Elementary-Middle School",0,"F","Black/African American",8907027
"2019-2020","02","Adams Elementary-Middle School",0,"M","Hispanic/Latino",6447950
"2019-2020","00","Adams Elementary-Middle School",0,"F","White",2370535
"2019-2020","06","Adams Elementary-Middle School",0,"F","Hispanic/Latino",6616895
"2019-2020","05","Adams Elementary-Middle School",0,"F","Two or More Races",8938219
"2019-2020","03","Adams Elementary-Middle School",0,"M","Black/African American",9543831
"2019-2020","07","Adams Elementary-Middle School",1,"M","Hispanic/Latino",5281049
"2019-2020","04","Adams Elementary-Middle School",0,"M","Two or More Races",7771349
"2019-2020","01","Adams Elementary-Middle School",0,"F","Black/African American",7271737
"2019-2020","07","Adams Elementary-Middle School",0,"M","Hispanic/Latino",4087071
"2019-2020","01","Adams Elementary-Middle School",0,"F","White",8987218
"2019-2020","05","Adams Elementary-Middle School",0,"M","Hispanic/Latino",6404441
"2019-2020","06","Adams Elementary-Middle School",0,"M","Black/African American",4387465
"2019-2020","04","Adams Elementary-Middle School",0,"F","Black/African American",9128739
"2019-2020","08","Adams Elementary-Middle School",0,"M","Hispanic/Latino",9613364
"2019-2020","03","Adams Elementary-Middle School",0,"M","Asian",5735766
"2019-2020","01","Adams Elementary-Middle School",0,"F","Black/African American",9442492
"2019-2020","06","Adams Elementary-Middle School",0,"M","Black/African American",9337493
"2019-2020","01","Adams Elementary-Middle School",0,"F","Black/African American",8947241
"2019-2020","06","Adams Elementary-Middle School",0,"F","Hispanic/Latino",6600829
"2019-2020","00","Adams Elementary-Middle School",0,"M","Hispanic/Latino",4088140
"2019-2020","06","Adams Elementary-Middle School",0,"M","White",6807033
"2019-2020","07","Adams Elementary-Middle School",0,"F","White",9095148
"2019-2020","05","Adams Elementary-Middle School",0,"F","Hispanic/Latino",3555325
"2019-2020","01","Adams Elementary-Middle School",0,"M","Hispanic/Latino",7380819
"2019-2020","04","Adams Elementary-Middle School",0,"F","Black/African American",2175035
"2019-2020","06","Adams Elementary-Middle School",0,"F","Hispanic/Latino",1833455
"2019-2020","08","Adams Elementary-Middle School",0,"F","Black/African American",9144789
"2019-2020","06","Adams Elementary-Middle School",0,"F","Hispanic/Latino",2470529
"2019-2020","07","Adams Elementary-Middle School",0,"F","Hispanic/Latino",8245199
"2019-2020","02","Adams Elementary-Middle School",0,"F","Asian",1186917
"2019-2020","06","Adams Elementary-Middle School",0,"F","Black/African American",8728903
"2019-2020","08","Adams Elementary-Middle School",0,"M","Hispanic/Latino",3795801
"2019-2020","05","Adams Elementary-Middle School",0,"M","White",9013581
"2019-2020","01","Adams Elementary-Middle School",0,"F","Black/African American",3159197
"2019-2020","06","Adams Elementary-Middle School",0,"F","White",7744623
"2019-2020","00","Adams Elementary-Middle School",0,"F","Two or More Races",2795212
"2019-2020","00","Adams Elementary-Middle School",0,"M","Black/African American",3357639
"2019-2020","01","Adams Elementary-Middle School",0,"F","Black/African American",5497721
"2019-2020","08","Adams Elementary-Middle School",0,"M","White",5414668
"2019-2020","00","Adams Elementary-Middle School",0,"F","Black/African American",2022988
"2019-2020","06","Adams Elementary-Middle School",0,"F","White",8685902
"2019-2020","02","Adams Elementary-Middle School",0,"F","Hispanic/Latino",9764513
"2019-2020","07","Adams Elementary-Middle School",0,"F","Hispanic/Latino",1434551
"2019-2020","00","Adams Elementary-Middle School",0,"F","Hispanic/Latino",8703114
"2019-2020","04","Adams Elementary-Middle School",0,"F","Hispanic/Latino",6567295
"2019-2020","06","Adams Elementary-Middle School",0,"M","Black/African American",1236388
"2019-2020","07","Adams Elementary-Middle School",0,"M","White",5252984
"2019-2020","07","Adams Elementary-Middle School",0,"F","Black/African American",3783768
"2019-2020","03","Adams Elementary-Middle School",0,"F","White",1852734
"2019-2020","00","Adams Elementary-Middle School",0,"F","Black/African American",4905936
"2019-2020","06","Adams Elementary-Middle School",0,"M","Hispanic/Latino",1648326
"2019-2020","07","Adams Elementary-Middle School",0,"F","Two or More Races",6449942
"2019-2020","03","Adams Elementary-Middle School",0,"M","Black/African American",9112125
"2019-2020","01","Adams Elementary-Middle School",0,"M","White",2970337
"2019-2020","05","Adams Elementary-Middle School",0,"M","Asian",5887636
"2019-2020","08","Adams Elementary-Middle School",0,"M","Hispanic/Latino",4528857
"2019-2020","07","Adams Elementary-Middle School",0,"M","Hispanic/Latino",8083480
"2019-2020","04","Adams Elementary-Middle School",0,"M","Black/African American",8909520
"2019-2020","01","Adams Elementary-Middle School",0,"M","Two or More Races",7986812
"2019-2020","08","Adams Elementary-Middle School",0,"M","Two or More Races",4064886
"2019-2020","05","Adams Elementary-Middle School",0,"F","Black/African American",7280094
"2019-2020","05","Adams Elementary-Middle School",0,"F","Black/African American",2181779
"2019-2020","03","Adams Elementary-Middle School",0,"M","Black/African American",3327229
"2019-2020","06","Adams Elementary-Middle School",0,"F","Asian",1196147
"2019-2020","05","Adams Elementary-Middle School",0,"F","Hispanic/Latino",3894856
"2019-2020","07","Adams Elementary-Middle School",0,"F","Black/African American",5291458
"2019-2020","05","Adams Elementary-Middle School",0,"F","Black/African American",7023572
"2019-2020","05","Adams Elementary-Middle School",0,"F","Black/African American",7939894
"2019-2020","08","Adams Elementary-Middle School",0,"F","White",3591399
"2019-2020","01","Adams Elementary-Middle School",0,"F","Black/African American",6103379
"2019-2020","00","Adams Elementary-Middle School",0,"M","Black/African American",8532880
"2019-2020","03","Adams Elementary-Middle School",0,"M","Hispanic/Latino",8423588
"2019-2020","06","Adams Elementary-Middle School",0,"M","Black/African American",5528754
"2019-2020","03","Adams Elementary-Middle School",0,"F","Hispanic/Latino",6840047
"2019-2020","04","Adams Elementary-Middle School",0,"M","Hispanic/Latino",2915894
"2019-2020","05","Adams Elementary-Middle School",0,"M","Black/African American",1960170
"2019-2020","08","Adams Elementary-Middle School",0,"M","Hispanic/Latino",6770444
"2019-2020","07","Adams Elementary-Middle School",0,"M","Black/African American",5341059
"2019-2020","01","Adams Elementary-Middle School",0,"M","Hispanic/Latino",2508662
"2019-2020","00","Adams Elementary-Middle School",0,"M","Black/African American",8679828
"2019-2020","08","Adams Elementary-Middle School",0,"M","Two or More Races",7616805
"2019-2020","00","Adams Elementary-Middle School",0,"M","White",9692124
"2019-2020","02","Adams Elementary-Middle School",0,"F","Black/African American",5700749
"2019-2020","05","Adams Elementary-Middle School",0,"F","Black/African American",9463746
"2019-2020","07","Adams Elementary-Middle School",0,"F","Black/African American",5043175
"2019-2020","05","Adams Elementary-Middle School",0,"M","Black/African American",8416197
"2019-2020","00","Adams Elementary-Middle School",0,"F","Black/African American",7756418
"2019-2020","08","Adams Elementary-Middle School",0,"F","Hispanic/Latino",6021997
"2019-2020","00","Adams Elementary-Middle School",0,"F","Hispanic/Latino",4274711
"2019-2020","08","Adams Elementary-Middle School",0,"F","Hispanic/Latino",1445255
"2019-2020","01","Adams Elementary-Middle School",0,"F","Hispanic/Latino",5352162
"2019-2020","06","Adams Elementary-Middle School",0,"F","Black/African American",3251921
"2019-2020","06","Adams Elementary-Middle School",0,"F","White",3088809
"2019-2020","01","Adams Elementary-Middle School",0,"F","Black/African American",7688485
"2019-2020","01","Adams Elementary-Middle School",0,"M","White",6125575
"2019-2020","03","Adams Elementary-Middle School",0,"M","Black/African American",6727864
"2019-2020","08","Adams Elementary-Middle School",0,"F","Black/African American",4097132
"2019-2020","02","Adams Elementary-Middle School",0,"M","Black/African American",6315628
"2019-2020","08","Adams Elementary-Middle School",0,"M","Two or More Races",3884754
"2019-2020","01","Adams Elementary-Middle School",0,"M","Asian",5672265
"2019-2020","07","Adams Elementary-Middle School",0,"F","Asian",1852475
"2019-2020","02","Adams Elementary-Middle School",0,"M","Two or More Races",6972437
"2019-2020","06","Adams Elementary-Middle School",0,"M","Black/African American",3355943
"2019-2020","00","Adams Elementary-Middle School",0,"F","White",1503189
"2019-2020","07","Adams Elementary-Middle School",0,"M","Hispanic/Latino",7013275
"2019-2020","04","Adams Elementary-Middle School",0,"M","White",1816482
"2019-2020","08","Adams Elementary-Middle School",0,"F","Hispanic/Latino",7733887
"2019-2020","01","Adams Elementary-Middle School",0,"M","Black/African American",7953791
"2019-2020","05","Adams Elementary-Middle School",0,"M","Two or More Races",2557264
"2019-2020","06","Adams Elementary-Middle School",0,"M","Black/African American",5879779
"2019-2020","08","Adams Elementary-Middle School",0,"M","Hispanic/Latino",2818936
"2019-2020","03","Adams Elementary-Middle School",0,"F","Black/African American",8280474
"2019-2020","01","Adams Elementary-Middle School",0,"F","Hispanic/Latino",3540157
"2019-2020","00","Adams Elementary-Middle School",0,"F","Black/African American",9192452
"2019-2020","09","Washington High School",0,"M","Black/African American",4859608
"2019-2020","09","Washington High School",1,"M","White",5210602
"2019-2020","11","Washington High School",0,"M","Black/African American",6120143
"2019-2020","10","Washington High School",0,"M","Hispanic/Latino",9474483
"2019-2020","09","Washington High School",0,"F","Hispanic/Latino",6613353
"2019-2020","10","Washington High School",0,"F","Black/African American",4291032
"2019-2020","11","Washington High School",0,"M","Two or More Races",5061121
"2019-2020","09","Washington High School",1,"M","Black/African American",8390879
"2019-2020","09","Washington High School",0,"F","Black/African American",9367514
"2019-2020","10","Washington High School",0,"F","Asian",1521859
"2019-2020","09","Washington High School",1,"F","White",3034720
"2019-2020","12","Washington High School",0,"F","Hispanic/Latino",9532234
"2019-2020","11","Washington High School",0,"F","Asian",6937341
"2019-2020","12","Washington High School",0,"M","White",7518790
"2019-2020","11","Washington High School",0,"F","White",8920487
"2019-2020","09","Washington High School",0,"F","Black/African American",1625398
"2019-2020","12","Washington High School",0,"M","Hispanic/Latino",6690751
"2019-2020","10","Washington High School",0,"M","Black/African American",9098145
"2019-2020","10","Washington High School",0,"M","Hispanic/Latino",1530487
"2019-2020","11","Washington High School",0,"M","Black/African American",4641207
"2019-2020","12","Washington High School",0,"F","Black/African American",3401810
"2019-2020","09","Washington High School",0,"M","Asian",4846727
"2019-2020","10","Washington High School",0,"F","White",7517960
"2019-2020","09","Washington High School",0,"F","Asian",7981527
"2019-2020","09","Washington High School",0,"M","Hispanic/Latino",3188921
"2019-2020","09","Washington High School",1,"F","Black/African American",9400804
"2019-2020","09","Washington High School",1,"M","Black/African American",2663141
"2019-2020","10","Washington High School",0,"M","Hispanic/Latino",1414122
"2019-2020","10","Washington High School",1,"F","Black/African American",5431679
"2019-2020","11","Washington High School",0,"M","Hispanic/Latino",9123193
"2019-2020","09","Washington High School",0,"M","Black/African American",3597819
"2019-2020","12","Washington High School",0,"M","Hispanic/Latino",5781895
"2019-2020","11","Washington High School",0,"M","White",8265819
"2019-2020","12","Washington High School",0,"M","Hispanic/Latino",8517093
"2019-2020","09","Washington High School",0,"M","Black/African American",4349153
"2019-2020","12","Washington High School",0,"F","Black/African American",2337117
"2019-2020","12","Washington High School",0,"F","Hispanic/Latino",9883087
"2019-2020","11","Washington High School",0,"M","Asian",2490590
"2019-2020","10","Washington High School",0,"F","Black/African American",9513357
"2019-2020","12","Washington High School",0,"M","Asian",1888213
"2019-2020","09","Washington High School",0,"M","Hispanic/Latino",7906712
"2019-2020","10","Washington High School",0,"F","Black/African American",9954029
"2019-2020","12","Washington High School",0,"M","Two or More Races",1320599
"2019-2020","12","Washington High School",0,"M","Two or More Races",5415547
"2019-2020","11","Washington High School",0,"F","Black/African American",4724445
"2019-2020","12","Washington High School",0,"M","Two or More Races",4940533
"2019-2020","10","Washington High School",0,"F","Two or More Races",8655251
"2019-2020","11","Washington High School",0,"M","White",2268347
"2019-2020","10","Washington High School",0,"F","White",7453469
"2019-2020","09","Washington High School",1,"M","Black/African American",9716237
"2019-2020","10","Washington High School",0,"F","Hispanic/Latino",5923137
"2019-2020","10","Washington High School",0,"M","Black/African American",1748274
"2019-2020","09","Washington High School",1,"M","Black/African American",1981375
"2019-2020","09","Washington High School",0,"M","White",6553716
"2019-2020","09","Washington High School",0,"M","Hispanic/Latino",5357802
"2019-2020","11","Washington High School",1,"M","Black/African American",9683879
"2019-2020","09","Washington High School",1,"F","White",2099719
"2019-2020","09","Washington High School",0,"F","Black/African American",5099795
"2019-2020","11","Washington High School",0,"M","White",2819963
"2019-2020","12","Washington High School",0,"F","Black/African American",7732432
"2019-2020","12","Washington High School",1,"F","Black/African American",8817526
"2019-2020","12","Washington High School",0,"M","Hispanic/Latino",8884111
"2019-2020","11","Washington High School",0,"F","Black/African American",8297302
"2019-2020","11","Washington High School",0,"M","White",6222068
"2019-2020","12","Washington High School",0,"F","Black/African American",7315123
"2019-2020","09","Washington High School",1,"M","White",2320463
"2019-2020","10","Washington High School",0,"M","Hispanic/Latino",5257329
"2019-2020","11","Washington High School",0,"F","Black/African American",7263874
"2019-2020","09","Washington High School",0,"M","Hispanic/Latino",3771075
"2019-2020","09","Washington High School",1,"M","White",9186923
"2019-2020","12","Washington High School",0,"M","Hispanic/Latino",4393671
"2019-2020","11","Washington High School",0,"M","White",8095096
"2019-2020","11","Washington High School",0,"M","Black/African American",6488125
"2019-2020","09","Washington High School",1,"M","Black/African American",7604728
"2019-2020","12","Washington High School",0,"F","Hispanic/Latino",6417250
"2019-2020","09","Washington High School",1,"M","Black/African American",9626947
"2019-2020","09","Washington High School",1,"M","White",4538953
"2019-2020","10","Washington High School",1,"M","Black/African American",2752064
"2019-2020","09","Washington High School",1,"M","Hispanic/Latino",8033183
"2019-2020","10","Washington High School",1,"M","Black/African American",9501893
"2019-2020","12","Washington High School",0,"F","Hispanic/Latino",8101584
"2019-2020","09","Washington High School",0,"M","White",7791594
"2019-2020","12","Washington High School",0,"F","Black/African American",4376818
"2019-2020","11","Washington High School",0,"M","Two or More Races",8775843
"2019-2020","10","Washington High School",0,"M","Hispanic/Latino",7380624
"2019-2020","09","Washington High School",1,"F","Black/African American",7626146
"2019-2020","09","Washington High School",0,"F","Black/African American",8043680
"2019-2020","12","Washington High School",1,"M","White",7992649
"2019-2020","10","Washington High School",0,"M","Black/African American",6606564
"2019-2020","09","Washington High School",0,"M","Two or More Races",9523701
"2019-2020","12","Washington High School",0,"M","Black/African American",8126574
"2019-2020","11","Washington High School",1,"M","Asian",3172046
"2019-2020","11","Washington High School",0,"F","White",9762478
"2019-2020","09","Washington High School",0,"M","Asian",3496493
"2019-2020","12","Washington High School",0,"F","Hispanic/Latino",6386345
"2019-2020","10","Washington High School",0,"F","Two or More Races",6204188
"2019-2020","12","Washington High School",0,"F","White",6843834
"2019-2020","11","Washington High School",0,"M","Black/African American",4393698
"2019-2020","09","Washington High School",0,"M","Black/African American",6533444
"2019-2020","09","Washington High School",0,"M","Hispanic/Latino",5709406
"2019-2020","09","Washington High School",0,"F","Asian",5208765
"2019-2020","11","Washington High School",0,"M","Hispanic/Latino",1977001
"2019-2020","10","Washington High School",0,"M","Black/African American",3377842
"2019-2020","11","Washington High School",0,"M","Black/African American",8219672
"2019-2020","09","Washington High School",1,"F","Hispanic/Latino",5031434
"2019-2020","11","Washington High School",0,"F","White",6959110
"2019-2020","12","Washington High School",0,"M","Black/African American",6138609
"2019-2020","12","Washington High School",0,"M","White",3862338
"2019-2020","09","Washington High School",1,"M","Black/African American",2354922
"2019-2020","11","Washington High School",0,"M","Two or More Races",7786364
"2019-2020","09","Washington High School",1,"F","Black/African American",3461901
"2019-2020","09","Washington High School",0,"F","Black/African American",2414018
"2019-2020","12","Washington High School",0,"F","Hispanic/Latino",7216199
"2019-2020","11","Washington High School",0,"F","Hispanic/Latino",3605379
"2019-2020","09","Washington High School",0,"M","Hispanic/Latino",1484930
"2019-2020","12","Washington High School",0,"M","Black/African American",6971905
"2019-2020","12","Washington High School",0,"F","Black/African American",8158661
"2019-2020","09","Washington High School",0,"M","Black/African American",8172534
"2019-2020","12","Washington High School",0,"M","Hispanic/Latino",2683893
"2019-2020","11","Washington High School",0,"M","Asian",5047867
"2019-2020","12","Washington High School",0,"F","Black/African American",9301127
"2019-2020","09","Washington High School",0,"F","Black/African American",1347442
"2019-2020","09","Washington High School",1,"F","Hispanic/Latino",7935485
"2019-2020","09","Washington High School",0,"M","Hispanic/Latino",2714376
"2019-2020","09","Washington High School",1,"M","Hispanic/Latino",4202883
"2019-2020","10","Washington High School",0,"M","White",4677909
"2019-2020","09","Washington High School",0,"M","Black/African American",3611359
"2019-2020","10","Washington High School",1,"M","Black/African American",9637933
"2019-2020","10","Washington High School",0,"F","Black/African American",4105743
"2019-2020","09","Washington High School",1,"M","Hispanic/Latino",4343274
"2019-2020","10","Washington High School",0,"M","Two or More Races",6368004
"2019-2020","09","Washington High School",0,"F","Two or More Races",2284459
"2019-2020","10","Washington High School",1,"F","White",9825748
"2019-2020","12","Washington High School",0,"F","Black/African American",8843877
"2019-2020","10","Washington High School",0,"F","Hispanic/Latino",4638357
"2019-2020","09","Washington High School",0,"F","Hispanic/Latino",8782213
"2019-2020","09","Washington High School",0,"F","Asian",3469485
"2019-2020","09","Washington High School",1,"M","Black/African American",6429507
"2019-2020","10","Washington High School",0,"M","White",7257371
"2019-2020","11","Washington High School",0,"M","Hispanic/Latino",8115374
"2019-2020","09","Washington High School",0,"M","Hispanic/Latino",9104883
"2019-2020","12","Washington High School",0,"F","Black/African American",4735349
"2019-2020","12","Washington High School",0,"F","White",1574781
"2019-2020","11","Washington High School",0,"F","White",9792444
"2019-2020","09","Washington High School",0,"M","White",6746801
"2019-2020","10","Washington High School",0,"F","Hispanic/Latino",5760242
"2019-2020","09","Washington High School",1,"M","White",9361196
"2019-2020","11","Washington High School",0,"F","Black/African American",8852702
"2019-2020","09","Washington High School",0,"M","Black/African American",2312085
"2019-2020","11","Washington High School",0,"M","Hispanic/Latino",7055903
"2019-2020","12","Washington High School",0,"M","Two or More Races",7742088
"2019-2020","11","Washington High School",0,"M","White",6143035
"2019-2020","11","Washington High School",0,"M","Black/African American",1440659
"2019-2020","09","Washington High School",1,"M","Hispanic/Latino",5342813
"2019-2020","11","Washington High School",0,"M","White",8733548
"2019-2020","09","Washington High School",1,"F","White",7227454
"2019-2020","11","Washington High School",0,"M","Two or More Races",4258014
"2019-2020","09","Washington High School",0,"M","White",1670186
"2019-2020","10","Washington High School",1,"F","Two or More Races",4761667
"2019-2020","11","Washington High School",0,"M","Black/African American",4023068
"2019-2020","11","Washington High School",0,"M","Black/African American",7759801
"2019-2020","11","Washington High School",0,"F","Asian",8107437
"2019-2020","09","Washington High School",1,"M","Black/African American",3270651
"2019-2020","09","Washington High School",0,"F","Two or More Races",8390381
"2019-2020","09","Washington High School",0,"M","Hispanic/Latino",5199629
"2019-2020","12","Washington High School",1,"F","Two or More Races",9886032
"2019-2020","11","Washington High School",0,"M","White",5710748
"2019-2020","09","Washington High School",1,"M","Hispanic/Latino",4446083
"2019-2020","11","Washington High School",0,"F","Hispanic/Latino",7538930
"2019-2020","11","Washington High School",0,"F","Black/African American",7130756
"2019-2020","09","Washington High School",0,"F","White",9962718
"2019-2020","12","Washington High School",0,"M","Hispanic/Latino",6110722
"2019-2020","10","Washington High School",0,"F","Black/African American",9876943
"2019-2020","09","Washington High School",0,"F","Hispanic/Latino",2079822
"2019-2020","09","Washington High School",0,"F","White",5140346
"2019-2020","10","Washington High School",0,"F","Black/African American",9322594
"2019-2020","11","Washington High School",0,"M","Black/African American",6988058
"2019-2020","11","Washington High School",0,"M","White",7513203
"2019-2020","09","Washington High School",0,"M","Hispanic/Latino",4675998
"2019-2020","10","Washington High School",1,"M","Black/African American",6638868
"2019-2020","10","Washington High School",0,"M","Hispanic/Latino",4056672
"2019-2020","09","Washington High School",1,"M","Black/African American",4011775
"2019-2020","12","Washington High School",0,"M","Hispanic/Latino",9813995
"2019-2020","11","Washington High School",0,"M","Two or More Races",5358435
"2019-2020","09","Washington High School",0,"F","White",8079189
"2019-2020","10","Washington High School",0,"M","Black/African American",7679499
"2019-2020","11","Washington High School",0,"M","Black/African American",9559043
"2019-2020","11","Washington High School",0,"M","Asian",3054721
"2019-2020","11","Washington High School",0,"M","Black/African American",7080950
"2019-2020","10","Washington High School",0,"M","White",2731292
"2019-2020","09","Washington High School",0,"M","Two or More Races",1738742
"2019-2020","12","Washington High School",0,"F","Hispanic/Latino",5509538
"2019-2020","11","Washington High School",0,"F","White",3390530
"2019-2020","11","Washington High School",0,"M","Black/African American",1442732
"2019-2020","11","Washington High School",1,"F","Black/African American",9228824
"2019-2020","12","Washington High School",0,"F","Black/African American",6618820
"2019-2020","10","Washington High School",1,"M","Hispanic/Latino",1701054
"2019-2020","09","Washington High School",0,"F","Asian",6113705
"2019-2020","09","Washington High School",0,"F","Hispanic/Latino",1564096
"2019-2020","10","Washington High School",0,"M","Hispanic/Latino",3822348
"2019-2020","09","Washington High School",0,"F","Asian",1972653
"2019-2020","09","Washington High School",0,"M","White",6423073
"2019-2020","10","Washington High School",0,"F","Hispanic/Latino",3947881
"2019-2020","11","Washington High School",0,"F","White",2690922
"2019-2020","10","Washington High School",0,"M","Hispanic/Latino",3202714
"2019-2020","11","Washington High School",0,"M","Hispanic/Latino",1710252
"2019-2020","11","Washington High School",0,"F","Black/African American",6546302
"2019-2020","12","Washington High School",0,"F","Hispanic/Latino",8084218
"2019-2020","11","Washington High School",0,"F","Asian",9810852
"2019-2020","09","Washington High School",0,"F","Hispanic/Latino",8135578
"2019-2020","09","Washington High School",0,"F","Black/African American",8878024
"2019-2020","09","Washington High School",0,"M","Black/African American",7754808
"2019-2020","09","Washington High School",0,"F","White",6090313
"2019-2020","12","Washington High School",0,"M","Black/African American",1111317
"2019-2020","10","Washington High School",1,"M","Two or More Races",2736325
"2019-2020","12","Washington High School",0,"F","Hispanic/Latino",9514094
"2019-2020","12","Washington High School",0,"F","White",3589901
"2019-2020","11","Washington High School",0,"F","Hispanic/Latino",5834196
"2019-2020","09","Washington High School",0,"M","Black/African American",2618797
"2019-2020","12","Washington High School",0,"M","White",2487276
"2019-2020","09","Washington High School",0,"M","Black/African American",5514540
"2019-2020","10","Washington High School",0,"M","White",4760137
"2019-2020","11","Washington High School",0,"M","White",1732247
"2019-2020","09","Washington High School",1,"M","Black/African American",7221689
"2019-2020","12","Washington High School",0,"M","Black/African American",6621234
"2019-2020","10","Washington High School",0,"F","Two or More Races",3182411
"2019-2020","09","Washington High School",0,"M","Hispanic/Latino",6409348
"2019-2020","11","Washington High School",0,"M","Hispanic/Latino",4972449
"2019-2020","12","Washington High School",0,"F","Black/African American",1528631
"2019-2020","10","Washington High School",0,"M","White",4669690
"2019-2020","11","Washington High School",0,"M","Black/African American",9650606
"2019-2020","09","Washington High School",1,"M","Hispanic/Latino",8232032
"2019-2020","09","Washington High School",0,"M","Black/African American",4770767
"2019-2020","12","Washington High School",0,"M","Black/African American",5552751
"2019-2020","12","Washington High School",0,"M","Black/African American",7605700
"2019-2020","09","Washington High School",0,"F","Black/African American",5008806
"2019-2020","09","Washington High School",1,"M","Black/African American",3622172
"2019-2020","10","Washington High School",0,"F","Black/African American",4834232
"2019-2020","12","Washington High School",0,"F","White",8850744
"2019-2020","10","Washington High School",1,"M","White",1781241
"2019-2020","09","Washington High School",0,"F","Black/African American",2347655
"2019-2020","09","Washington High School",0,"M","Two or More Races",8297768
"2019-2020","11","Washington High School",0,"F","White",8636085
"2019-2020","11","Washington High School",0,"F","White",5550585
"2019-2020","09","Washington High School",1,"F","Hispanic/Latino",2321263
"2019-2020","10","Washington High School",1,"F","White",3731097
"2019-2020","09","Washington High School",1,"M","Hispanic/Latino",6501032
"2019-2020","10","Washington High School",1,"M","White",7088861
"2019-2020","09","Washington High School",0,"M","Two or More Races",4583324
"2019-2020","12","Washington High School",0,"M","Hispanic/Latino",3492104
"2019-2020","10","Washington High School",0,"M","Hispanic/Latino",8211200
"2019-2020","11","Washington High School",0,"F","White",5343744
"2019-2020","12","Washington High School",0,"M","Black/African American",8781962
"2019-2020","10","Washington High School",1,"M","Hispanic/Latino",9593864
"2019-2020","11","Washington High School",0,"M","Hispanic/Latino",9814399
"2019-2020","11","Washington High School",0,"M","Black/African American",5359011
"2019-2020","09","Washington High School",0,"F","White",7565736
"2019-2020","12","Washington High School",0,"M","Black/African American",8808482
"2019-2020","10","Washington High School",1,"M","Hispanic/Latino",6608972
"2019-2020","09","Washington High School",0,"F","Hispanic/Latino",1614450
"2019-2020","11","Washington High School",1,"M","Two or More Races",7815443
"2019-2020","11","Washington High School",0,"F","Black/African American",4038068
"2019-2020","09","Washington High School",0,"M","Black/African American",8417402
"2019-2020","11","Washington High School",0,"F","Two or More Races",8052286
"2019-2020","09","Washington High School",0,"F","Hispanic/Latino",5837391
"2019-2020","09","Washington High School",0,"M","Hispanic/Latino",6442184
"2019-2020","11","Washington High School",0,"F","White",5505708
"2019-2020","10","Washington High School",0,"F","Hispanic/Latino",8359949
"2019-2020","09","Washington High School",1,"M","Hispanic/Latino",4614489
"2019-2020","10","Washington High School",0,"F","Two or More Races",9329995
"2019-2020","12","Washington High School",0,"F","Black/African American",5280035
"2019-2020","09","Washington High School",0,"F","Black/African American",6617140
"2019-2020","11","Washington High School",0,"M","White",8870398
"2019-2020","09","Washington High School",0,"F","Black/African American",9506270
"2019-2020","12","Washington High School",0,"F","Black/African American",1441875
"2019-2020","09","Washington High School",1,"F","White",9429521
"2019-2020","11","Washington High School",1,"M","White",3746317
"2019-2020","11","Washington High School",1,"M","Asian",9817821
"2019-2020","09","Washington High School",1,"M","Black/African American",2429132
"2019-2020","10","Washington High School",0,"M","Black/African American",1490840
"2019-2020","09","Washington High School",1,"M","Black/African American",5638416
"2019-2020","09","Washington High School",1,"M","Hispanic/Latino",3563276
"2019-2020","09","Washington High School",1,"M","Two or More Races",6327310
"2019-2020","09","Washington High School",0,"F","Hispanic/Latino",9887718
"2019-2020","09","Washington High School",0,"F","Asian",4639955
"2019-2020","09","Washington High School",1,"M","White",4410928
"2019-2020","10","Washington High School",1,"M","Black/African American",4900814
"2019-2020","10","Washington High School",0,"M","Hispanic/Latino",4754777
"2019-2020","10","Washington High School",0,"M","Hispanic/Latino",1665876
"2019-2020","12","Washington High School",0,"F","Two or More Races",7026486
"2019-2020","11","Washington High School",0,"F","White",7038786
"2019-2020","12","Washington High School",0,"F","Black/African American",1279082
"2019-2020","09","Washington High School",0,"F","White",6316519
"2019-2020","12","Washington High School",0,"M","Black/African American",9805406
"2019-2020","10","Washington High School",0,"M","Black/African American",3463078
"2019-2020","11","Washington High School",0,"M","Black/African American",5596906
"2019-2020","09","Washington High School",1,"F","Hispanic/Latino",1747456
"2019-2020","09","Washington High School",0,"F","White",7238466
"2019-2020","11","Washington High School",0,"F","White",7583492
"2019-2020","09","Washington High School",0,"F","Two or More Races",1419144
"2019-2020","10","Washington High School",1,"M","Black/African American",7893772
"2019-2020","10","Washington High School",0,"F","Hispanic/Latino",6218301
"2019-2020","10","Washington High School",0,"F","Hispanic/Latino",7730809
"2019-2020","12","Washington High School",0,"M","White",4247472
"2019-2020","09","Washington High School",0,"M","Black/African American",7355467
"2019-2020","10","Washington High School",1,"M","Hispanic/Latino",6228396
"2019-2020","09","Washington High School",1,"M","Asian",3663292
"2019-2020","10","Washington High School",0,"M","Black/African American",4622187
"2019-2020","09","Washington High School",0,"F","White",2725989
"2019-2020","11","Washington High School",0,"F","Black/African American",5606334
"2019-2020","09","Washington High School",0,"F","Asian",7699322
"2019-2020","09","Washington High School",0,"M","Asian",9778975
"2019-2020","12","Washington High School",0,"M","Hispanic/Latino",9496707
"2019-2020","09","Washington High School",0,"M","Hispanic/Latino",8181466
"2019-2020","10","Washington High School",0,"M","Two or More Races",2046347
"2019-2020","09","Washington High School",0,"M","Hispanic/Latino",5053123
"2019-2020","10","Washington High School",0,"M","Asian",9207935
"2019-2020","10","Washington High School",0,"M","Black/African American",5614175
"2019-2020","11","Washington High School",0,"F","White",2739839
"2019-2020","11","Washington High School",0,"F","Black/African American",5082609
"2019-2020","11","Washington High School",0,"F","Asian",6812690
"2019-2020","10","Washington High School",0,"F","Two or More Races",5850291
"2019-2020","11","Washington High School",1,"M","Two or More Races",2126195
"2019-2020","11","Washington High School",0,"M","White",2335530
"2019-2020","09","Washington High School",0,"M","Black/African American",1809985
"2019-2020","11","Washington High School",1,"M","White",4771267
"2019-2020","12","Washington High School",0,"F","Hispanic/Latino",4160529
"2019-2020","09","Washington High School",1,"F","Two or More Races",5668416
"2019-2020","11","Washington High School",0,"F","Asian",7369171
"2019-2020","10","Washington High School",1,"F","Hispanic/Latino",4025806
"2019-2020","12","Washington High School",0,"M","White",5235746
"2019-2020","09","Washington High School",0,"F","Two or More Races",2443419
"2019-2020","11","Washington High School",0,"F","Hispanic/Latino",7094361
"2019-2020","10","Washington High School",0,"M","Black/African American",2174726
"2019-2020","09","Washington High School",0,"M","Two or More Races",6591278
"2019-2020","09","Washington High School",0,"M","Black/African American",8290560
"2019-2020","09","Washington High School",1,"F","White",8694710
"2019-2020","11","Washington High School",0,"M","Hispanic/Latino",7285206
"2019-2020","11","Washington High School",0,"M","Two or More Races",7589647
"2019-2020","09","Washington High School",1,"F","White",4941184
"2019-2020","11","Washington High School",0,"M","Black/African American",8229140
"2019-2020","10","Washington High School",0,"F","Black/African American",3925311
"2019-2020","10","Washington High School",1,"F","Black/African American",7306685
"2019-2020","11","Washington High School",0,"M","Asian",9523119
"2019-2020","11","Washington High School",0,"M","Asian",9124628
"2019-2020","11","Washington High School",0,"M","White",4839860
"2019-2020","09","Washington High School",0,"M","Black/African American",5511279
"2019-2020","09","Washington High School",0,"F","Hispanic/Latino",2195590
"2019-2020","10","Washington High School",0,"F","Hispanic/Latino",2359795
"2019-2020","09","Washington High School",0,"F","Two or More Races",5368802
"2019-2020","12","Washington High School",0,"M","Hispanic/Latino",2250650
"2019-2020","11","Washington High School",0,"M","White",9594084
"2019-2020","10","Washington High School",1,"M","Hispanic/Latino",1212642
"2019-2020","12","Washington High School",0,"F","Black/African American",9833111
"2019-2020","10","Washington High School",0,"F","Hispanic/Latino",2755457
"2019-2020","09","Washington High School",0,"F","Hispanic/Latino",8421187
"2019-2020","12","Washington High School",0,"M","Black/African American",5607571
"2019-2020","09","Washington High School",0,"M","Hispanic/Latino",8362776
"2019-2020","11","Washington High School",0,"M","Two or More Races",4879642
"2019-2020","11","Washington High School",0,"M","Black/African American",9914026
"2019-2020","11","Washington High School",0,"M","Hispanic/Latino",5086051
"2019-2020","10","Washington High School",0,"M","Black/African American",6895217
"2019-2020","12","Washington High School",0,"M","Black/African American",7075045
"2019-2020","10","Washington High School",0,"F","Black/African American",9658892
"2019-2020","09","Washington High School",0,"F","Two or More Races",9196570
"2019-2020","11","Washington High School",0,"F","White",7710520
"2019-2020","11","Washington High School",0,"F","Hispanic/Latino",5937024
"2019-2020","10","Washington High School",1,"F","Black/African American",5062180
"2019-2020","10","Washington High School",0,"F","White",6257839
"2019-2020","09","Washington High School",0,"F","White",7582597
"2019-2020","09","Washington High School",0,"M","Black/African American",2068201
"2019-2020","10","Washington High School",0,"F","Asian",8062376
"2019-2020","10","Washington High School",0,"F","Black/African American",3804197
"2019-2020","09","Washington High School",0,"F","White",2642694
"2019-2020","11","Washington High School",0,"M","Hispanic/Latino",8785006
"2019-2020","09","Washington High School",1,"M","Two or More Races",1788519
"2019-2020","10","Washington High School",0,"F","Hispanic/Latino",5781503
"2019-2020","09","Washington High School",0,"F","Asian",7847779
"2019-2020","10","Washington High School",0,"F","Black/African American",6397747
"2019-2020","11","Washington High School",0,"M","Black/African American",7460532
"2019-2020","11","Washington High School",0,"F","Black/African American",8229853
"2019-2020","09","Washington High School",0,"M","Asian",3764049
"2019-2020","12","Washington High School",0,"M","Black/African American",7266014
"2019-2020","09","Washington High School",0,"F","White",7138698
"2019-2020","09","Washington High School",0,"M","Black/African American",5024735
"2019-2020","12","Washington High School",0,"M","Asian",8696454
"2019-2020","09","Washington High School",1,"M","Black/African American",4201584
"2019-2020","11","Washington High School",0,"M","Hispanic/Latino",3669564
"2019-2020","11","Washington High School",0,"F","Black/African American",9501281
"2019-2020","09","Washington High School",1,"F","Black/African American",2614686
"2019-2020","10","Washington High School",0,"F","Asian",1257594
"2019-2020","11","Washington High School",0,"M","Hispanic/Latino",8715071
"2019-2020","09","Washington High School",0,"M","White",7885821
"2019-2020","12","Washington High School",0,"F","Black/African American",1653704
"2019-2020","12","Washington High School",0,"F","Black/African American",8409698
"2019-2020","11","Washington High School",0,"F","Black/African American",1309109
"2019-2020","11","Washington High School",0,"F","White",3355680
"2019-2020","09","Washington High School",1,"M","Two or More Races",6728608
"2019-2020","09","Washington High School",1,"F","White",5639581
"2019-2020","11","Washington High School",0,"M","Black/African American",2361149
"2019-2020","10","Washington High School",1,"M","Black/African American",4621068
"2019-2020","09","Washington High School",0,"F","White",4511220
"2019-2020","09","Washington High School",0,"F","Asian",4975487
"2019-2020","11","Washington High School",0,"M","Two or More Races",8582877
"2019-2020","09","Washington High School",1,"F","Black/African American",2767627
"2019-2020","09","Washington High School",1,"M","Hispanic/Latino",6833319
"2019-2020","10","Washington High School",0,"M","Black/African American",5836628
"2019-2020","10","Washington High School",0,"M","Two or More Races",6029955
"2019-2020","12","Washington High School",0,"M","Two or More Races",1293163
"2019-2020","09","Washington High School",0,"F","Hispanic/Latino",7210536
"2019-2020","09","Washington High School",0,"M","Hispanic/Latino",9862593
"2019-2020","10","Washington High School",0,"M","Hispanic/Latino",8017150
"2019-2020","09","Washington High School",1,"M","Black/African American",9488173
"2019-2020","10","Washington High School",0,"M","Hispanic/Latino",8991064
"2019-2020","11","Washington High School",0,"F","White",5640885
"2019-2020","09","Washington High School",0,"M","Hispanic/Latino",6448839
"2019-2020","09","Washington High School",0,"F","White",4141691
"2019-2020","12","Washington High School",0,"M","White",7572237
"2019-2020","09","Washington High School",1,"M","Hispanic/Latino",9906887
"2019-2020","10","Washington High School",0,"F","Hispanic/Latino",8895460
"2019-2020","10","Washington High School",0,"F","Hispanic/Latino",5323694
"2019-2020","09","Washington High School",0,"M","White",6351855
"2019-2020","09","Washington High School",0,"F","Black/African American",5455781
"2019-2020","11","Washington High School",0,"M","Black/African American",6865835
"2019-2020","10","Washington High School",0,"F","Hispanic/Latino",8018845
"2019-2020","11","Washington High School",0,"M","Asian",2848315
"2019-2020","09","Washington High School",1,"M","White",2895689
"2019-2020","10","Washington High School",0,"M","Black/African American",5253910
"2019-2020","12","Washington High School",1,"F","Asian",9163312
"2019-2020","11","Washington High School",0,"F","Black/African American",5679045
"2019-2020","09","Washington High School",0,"F","Hispanic/Latino",5117610
"2019-2020","12","Washington High School",0,"F","Black/African American",5003615
"2019-2020","11","Washington High School",0,"M","Black/African American",1969265
"2019-2020","12","Washington High School",0,"F","Black/African American",8496126
"2019-2020","09","Washington High School",0,"M","Hispanic/Latino",2529315
"2019-2020","09","Washington High School",1,"M","Hispanic/Latino",5900444
"2019-2020","09","Washington High School",1,"F","White",8013350
"2019-2020","10","Washington High School",0,"M","Asian",9465423
"2019-2020","12","Washington High School",0,"M","White",4448821
"2019-2020","10","Washington High School",0,"F","Hispanic/Latino",9259241
"2019-2020","11","Washington High School",0,"M","White",4101135
"2019-2020","11","Washington High School",0,"M","White",7878455
"2019-2020","10","Washington High School",0,"M","White",2992741
"2019-2020","10","Washington High School",0,"M","White",3993758
"2019-2020","11","Washington High School",0,"M","White",2180427
"2019-2020","10","Washington High School",0,"M","Asian",2206507
"2019-2020","12","Washington High School",0,"M","Two or More Races",2161854
"2019-2020","11","Washington High School",0,"F","White",9945093
"2019-2020","10","Washington High School",1,"F","Asian",2092657
"2019-2020","09","Washington High School",0,"M","Black/African American",8153918
"2019-2020","10","Washington High School",1,"M","White",7397080
"2019-2020","12","Washington High School",1,"M","Black/African American",1268165
"2019-2020","12","Washington High School",0,"M","Black/African American",9412614
"2019-2020","09","Washington High School",1,"M","Two or More Races",3619149
"2019-2020","10","Washington High School",0,"F","Black/African American",6594206
"2019-2020","11","Washington High School",0,"F","Hispanic/Latino",5164639
"2019-2020","11","Washington High School",0,"F","Black/African American",8865533
"2019-2020","11","Washington High School",0,"M","Hispanic/Latino",3440991
"2019-2020","11","Washington High School",0,"M","Hispanic/Latino",3132768
"2019-2020","12","Washington High School",0,"M","Black/African American",6517969
"2019-2020","09","Washington High School",0,"M","Asian",1728401
"2019-2020","10","Washington High School",0,"F","Black/African American",5736914
"2019-2020","12","Washington High School",0,"M","Black/African American",6306615
"2019-2020","09","Washington High School",0,"M","Hispanic/Latino",2993561
"2019-2020","09","Washington High School",1,"F","Hispanic/Latino",3578532
"2019-2020","12","Washington High School",0,"F","Black/African American",9479697
"2019-2020","11","Washington High School",1,"F","Hispanic/Latino",6370542
"2019-2020","09","Washington High School",1,"F","Two or More Races",9650904
"2019-2020","11","Washington High School",0,"F","Black/African American",3272117
"2019-2020","10","Washington High School",1,"F","Black/African American",1396808
"2019-2020","10","Washington High School",0,"M","Black/African American",8986756
"2019-2020","11","Washington High School",0,"M","Black/African American",8124031
"2019-2020","09","Washington High School",0,"M","Hispanic/Latino",8947895
"2019-2020","11","Washington High School",0,"M","Hispanic/Latino",9877422
"2019-2020","09","Washington High School",0,"M","Black/African American",8595223
"2019-2020","12","Washington High School",0,"F","Hispanic/Latino",8563047
"2019-2020","11","Washington High School",0,"M","Hispanic/Latino",3387917
"2019-2020","10","Washington High School",0,"F","White",8321468
"2019-2020","10","Washington High School",1,"M","Hispanic/Latino",8849978
"2019-2020","09","Washington High School",0,"M","White",8274305
"2019-2020","10","Washington High School",0,"M","Hispanic/Latino",3169652
"2019-2020","09","Washington High School",0,"M","Two or More Races",6417830
"2019-2020","12","Washington High School",0,"M","Hispanic/Latino",3708976
"2019-2020","09","Washington High School",0,"M","Two or More Races",7002312
"2019-2020","11","Washington High School",0,"M","Black/African American",6018399
"2019-2020","11","Washington High School",0,"M","White",4284202
"2019-2020","09","Washington High School",0,"M","White",1114733
"2019-2020","09","Washington High School",1,"M","White",9190767
"2019-2020","12","Washington High School",0,"F","White",8502759
"2019-2020","09","Washington High School",0,"M","Black/African American",7986770
"2019-2020","09","Washington High School",0,"F","Two or More Races",3277920
"2019-2020","10","Washington High School",0,"M","Two or More Races",5302029
"2019-2020","09","Washington High School",1,"M","White",1924834
"2019-2020","12","Washington High School",0,"M","Black/African American",9716973
"2019-2020","10","Washington High School",0,"F","Hispanic/Latino",6261252
"2019-2020","10","Washington High School",0,"F","White",3099806
"2019-2020","12","Washington High School",0,"F","Hispanic/Latino",9885711
"2019-2020","10","Washington High School",0,"F","Hispanic/Latino",3375627
"2019-2020","09","Washington High School",0,"F","Asian",2197935
"2019-2020","11","Washington High School",0,"M","Black/African American",5795336
"2019-2020","09","Washington High School",0,"F","Black/African American",9728726
"2019-2020","10","Washington High School",1,"F","White",2699663
"2019-2020","09","Washington High School",1,"F","White",2043909
"2019-2020","12","Washington High School",0,"F","White",1140325
"2019-2020","09","Washington High School",0,"M","Black/African American",4804161
"2019-2020","09","Washington High School",0,"M","Hispanic/Latino",6187059
"2019-2020","11","Washington High School",0,"F","Black/African American",7023244
"2019-2020","10","Washington High School",0,"F","Hispanic/Latino",9304326
"2019-2020","11","Washington High School",1,"M","Black/African American",5264144
"2019-2020","11","Washington High School",0,"M","White",2007403
"2019-2020","12","Washington High School",1,"M","Black/African American",9834672
"2019-2020","10","Washington High School",0,"F","Black/African American",9081286
"2019-2020","09","Washington High School",0,"F","White",4272325
"2019-2020","12","Washington High School",0,"F","Hispanic/Latino",4183176
"2019-2020","09","Washington High School",0,"M","Black/African American",6008371
"2019-2020","10","Washington High School",0,"M","Hispanic/Latino",6000757
"2019-2020","12","Washington High School",0,"M","Asian",9187758
"2019-2020","09","Washington High School",0,"M","Black/African American",6647390
"2019-2020","11","Washington High School",0,"F","Black/African American",3463591
"2019-2020","10","Washington High School",0,"M","Black/African American",3072623
"2019-2020","09","Washington High School",1,"F","Black/African American",2143907
"2019-2020","09","Washington High School",0,"M","Hispanic/Latino",1644470
"2019-2020","10","Washington High School",0,"F","Black/African American",8683115
"2019-2020","09","Washington High School",0,"M","Asian",7290143
"2019-2020","11","Washington High School",0,"F","White",2922323
"2019-2020","09","Washington High School",0,"F","Black/African American",7258718
"2019-2020","09","Washington High School",0,"F","Asian",7661469
"2019-2020","09","Washington High School",0,"F","Black/African American",3214420
"2019-2020","11","Washington High School",1,"F","Black/African American",2081564
"2019-2020","09","Washington High School",0,"M","Black/African American",1991745
"2019-2020","11","Washington High School",0,"F","Hispanic/Latino",4508601
"2019-2020","10","Washington High School",0,"M","Black/African American",4657152
"2019-2020","09","Washington High School",0,"F","Black/African American",3203606
"2019-2020","10","Washington High School",1,"M","Black/African American",6235631
"2019-2020","09","Washington High School",0,"M","Black/African American",7160177
"2019-2020","10","Washington High School",0,"M","Asian",5868439
"2019-2020","12","Washington High School",0,"M","Black/African American",9303133
"2019-2020","11","Washington High School",1,"M","Two or More Races",4260421
"2019-2020","12","Washington High School",0,"F","Hispanic/Latino",2478820
"2019-2020","12","Washington High School",0,"F","Black/African American",6375521
"2019-2020","09","Washington High School",0,"M","White",5614297
"2019-2020","12","Washington High School",0,"M","Black/African American",4254195
"2019-2020","09","Washington High School",0,"F","Black/African American",2629924
"2019-2020","09","Washington High School",0,"M","Black/African American",5716688
"2019-2020","10","Washington High School",1,"F","Two or More Races",3307353
"2019-2020","11","Washington High School",0,"M","White",5326746
"2019-2020","09","Washington High School",1,"F","Black/African American",6347529
"2019-2020","10","Washington High School",1,"M","Black/African American",7215845
"2019-2020","09","Washington High School",0,"M","Black/African American",1678340
"2019-2020","09","Washington High School",1,"F","Asian",3619644
"2019-2020","09","Washington High School",0,"F","Black/African American",6419677
"2019-2020","09","Washington High School",1,"M","Hispanic/Latino",5955908
"2019-2020","09","Washington High School",0,"M","Hispanic/Latino",3965839
"2019-2020","12","Washington High School",0,"M","Black/African American",2732296
"2019-2020","09","Washington High School",0,"M","White",7090389
"2019-2020","11","Washington High School",0,"M","Black/African American",2529272
"2019-2020","09","Washington High School",1,"M","Asian",7121684
"2019-2020","11","Washington High School",0,"M","Asian",9564729
"2019-2020","10","Washington High School",0,"F","Hispanic/Latino",1844755
"2019-2020","09","Washington High School",0,"M","Two or More Races",2899387
"2019-2020","09","Washington High School",0,"F","Black/African American",3360842
"2019-2020","10","Washington High School",0,"M","White",4618336
"2019-2020","09","Washington High School",0,"M","Black/African American",2000271
"2019-2020","09","Washington High School",1,"M","Black/African American",8201370
"2019-2020","09","Washington High School",1,"M","Hispanic/Latino",5578288
"2019-2020","09","Washington High School",1,"M","Black/African American",6981594
"2019-2020","11","Washington High School",0,"M","Hispanic/Latino",2369578
"2019-2020","12","Washington High School",0,"M","White",3030227
"2019-2020","10","Washington High School",1,"M","Hispanic/Latino",3167796
"2019-2020","11","Washington High School",1,"M","Black/African American",7035513
"2019-2020","09","Washington High School",0,"M","Black/African American",4662444
"2019-2020","10","Washington High School",0,"M","Black/African American",7167238
"2019-2020","11","Washington High School",0,"F","Black/African American",8621416
"2019-2020","09","Washington High School",1,"F","Hispanic/Latino",8826288
"2019-2020","10","Washington High School",0,"F","Black/African American",1507059
"2019-2020","09","Washington High School",0,"F","Black/African American",3227269
"2019-2020","11","Washington High School",0,"F","White",2668686
"2019-2020","11","Washington High School",0,"F","Asian",4614745
"2019-2020","09","Washington High School",1,"M","Hispanic/Latino",3577338
"2019-2020","09","Washington High School",0,"F","Asian",7203111
"2019-2020","10","Washington High School",0,"F","Black/African American",6558415
"2019-2020","11","Washington High School",0,"F","Black/African American",8628272
"2019-2020","10","Washington High School",0,"F","White",3494447
"2019-2020","11","Washington High School",0,"F","Hispanic/Latino",4637464
"2019-2020","11","Washington High School",0,"M","Hispanic/Latino",4665700
"2019-2020","11","Washington High School",0,"F","White",3478279
"2019-2020","09","Washington High School",1,"M","Asian",2836993
"2019-2020","10","Washington High School",0,"F","Hispanic/Latino",4948393
"2019-2020","12","Washington High School",0,"F","Two or More Races",5539506
"2019-2020","12","Washington High School",0,"M","Black/African American",7159156
"2019-2020","09","Washington High School",0,"F","White",6170714
"2019-2020","12","Washington High School",0,"M","Black/African American",2648919
"2019-2020","09","Washington High School",0,"M","White",3771752
"2019-2020","11","Washington High School",0,"M","Two or More Races",5416067
"2019-2020","09","Washington High School",1,"F","Black/African American",3509854
"2019-2020","11","Washington High School",0,"M","Hispanic/Latino",3792770
"2019-2020","09","Washington High School",0,"M","Black/African American",8612214
"2019-2020","10","Washington High School",0,"M","Black/African American",8239740
"2019-2020","10","Washington High School",1,"M","Hispanic/Latino",4582797
"2019-2020","11","Washington High School",1,"F","Two or More Races",9232126
"2019-2020","12","Washington High School",0,"M","Black/African American",5328753
"2019-2020","09","Washington High School",0,"M","White",7600939
"2019-2020","12","Washington High School",0,"F","Black/African American",5727896
"2019-2020","10","Washington High School",0,"F","Black/African American",5705265
"2019-2020","10","Washington High School",0,"M","Hispanic/Latino",6897543
"2019-2020","12","Washington High School",0,"F","White",2423016
"2019-2020","11","Washington High School",0,"M","Hispanic/Latino",5965278
"2019-2020","11","Washington High School",0,"F","Black/African American",2996580
"2019-2020","10","Washington High School",0,"M","Two or More Races",5212575
"2019-2020","11","Washington High School",1,"M","Hispanic/Latino",8446356
"2019-2020","10","Washington High School",0,"M","Hispanic/Latino",4860703
"2019-2020","09","Washington High School",0,"F","Hispanic/Latino",2481738
"2019-2020","10","Washington High School",0,"M","Hispanic/Latino",3874777
"2019-2020","10","Washington High School",0,"F","Hispanic/Latino",7781017
"2019-2020","12","Washington High School",1,"M","Hispanic/Latino",2298498
"2019-2020","09","Washington High School",0,"M","Two or More Races",6797471
"2019-2020","11","Washington High School",0,"M","Asian",1693754
"2019-2020","11","Washington High School",0,"F","White",8049140
"2019-2020","09","Washington High School",1,"F","Asian",7782269
"2019-2020","11","Washington High School",0,"F","White",8669116
"2019-2020","09","Washington High School",0,"M","Black/African American",8797095
"2019-2020","09","Washington High School",1,"F","Black/African American",3899814
"2019-2020","11","Washington High School",0,"F","White",2612459
"2019-2020","11","Washington High School",0,"F","Black/African American",2047184
"2019-2020","09","Washington High School",0,"M","White",3727319
"2019-2020","12","Washington High School",0,"M","Hispanic/Latino",6056691
"2019-2020","10","Washington High School",0,"M","Two or More Races",2028751
"2019-2020","11","Washington High School",0,"F","Hispanic/Latino",4127984
"2019-2020","12","Washington High School",0,"F","Asian",4625845
"2019-2020","10","Washington High School",0,"F","Black/African American",5562230
"2019-2020","11","Washington High School",0,"M","Black/African American",4876970
"2019-2020","09","Washington High School",1,"M","Hispanic/Latino",3014557
"2019-2020","09","Washington High School",1,"F","Hispanic/Latino",5626589
"2019-2020","09","Washington High School",1,"M","White",4329337
"2019-2020","12","Washington High School",0,"M","Black/African American",9413927
"2019-2020","12","Washington High School",0,"F","Hispanic/Latino",4344269
"2019-2020","09","Washington High School",1,"F","Black/African American",9848895
"2019-2020","10","Washington High School",0,"M","Asian",4425023
"2019-2020","10","Washington High School",0,"M","Hispanic/Latino",4133724
"2019-2020","10","Washington High School",0,"M","Black/African American",7124829
"2019-2020","11","Washington High School",1,"M","Black/African American",4061490
"2019-2020","12","Washington High School",0,"F","Two or More Races",9504879
"2019-2020","10","Washington High School",0,"M","White",4134093
"2019-2020","09","Washington High School",1,"F","Hispanic/Latino",4818464
"2019-2020","09","Washington High School",1,"M","White",6221395
"2019-2020","09","Washington High School",0,"M","White",7121943
"2019-2020","10","Washington High School",0,"F","Black/African American",2170636
"2019-2020","11","Washington High School",0,"F","Hispanic/Latino",6177560
"2019-2020","10","Washington High School",0,"F","White",9565935
"2019-2020","09","Washington High School",1,"M","White",3993692
"2019-2020","11","Washington High School",0,"M","Black/African American",5185246
"2019-2020","09","Washington High School",1,"M","Hispanic/Latino",5816436
"2019-2020","09","Washington High School",0,"F","White",8111907
"2019-2020","09","Washington High School",0,"M","Two or More Races",4992926
"2019-2020","11","Washington High School",0,"F","Hispanic/Latino",1298377
"2019-2020","10","Washington High School",0,"F","Black/African American",9219485
"2019-2020","10","Washington High School",0,"F","Black/African American",2025290
"2019-2020","10","Washington High School",0,"M","White",7823606
"2019-2020","10","Washington High School",0,"F","Two or More Races",2440005
"2019-2020","10","Washington High School",0,"F","Two or More Races",2386449
"2019-2020","12","Washington High School",0,"M","Hispanic/Latino",8888522
"2019-2020","12","Washington High School",0,"M","Black/African American",9349244
"2019-2020","12","Washington High School",0,"M","Hispanic/Latino",8223251
"2019-2020","09","Washington High School",0,"M","Black/African American",2902127
"2019-2020","09","Washington High School",0,"F","White",4795731
"2019-2020","10","Washington High School",0,"M","Hispanic/Latino",6664948
"2019-2020","09","Washington High School",0,"F","Black/African American",3913428
"2019-2020","11","Washington High School",0,"M","White",7376728
"2019-2020","09","Washington High School",1,"F","Black/African American",1115284
"2019-2020","09","Washington High School",1,"M","Asian",8833915
"2019-2020","11","Washington High School",0,"F","Black/African American",4186527
"2019-2020","11","Washington High School",0,"F","Black/African American",4456519
"2019-2020","09","Washington High School",0,"F","White",4240389
"2019-2020","09","Washington High School",0,"F","Hispanic/Latino",5829422
"2019-2020","11","Washington High School",0,"M","Black/African American",8485153
"2019-2020","11","Washington High School",0,"F","Black/African American",4240494
"2019-2020","11","Washington High School",0,"F","Hispanic/Latino",8783082
"2019-2020","09","Washington High School",1,"M","White",8722939
"2019-2020","12","Washington High School",0,"M","Hispanic/Latino",6446832
"2019-2020","11","Washington High School",0,"M","Black/African American",5855872
"2019-2020","10","Washington High School",0,"F","Two or More Races",3699978
"2019-2020","12","Washington High School",0,"F","Black/African American",2007924
"2019-2020","09","Washington High School",0,"M","Asian",7966485
"2019-2020","09","Washington High School",1,"M","Hispanic/Latino",5861690
"2019-2020","10","Washington High School",0,"F","White",6395111
"2019-2020","10","Washington High School",0,"F","Hispanic/Latino",8587956
"2019-2020","09","Washington High School",0,"M","Hispanic/Latino",9149799
"2019-2020","12","Washington High School",0,"M","Hispanic/Latino",4795904
"2019-2020","07","Roosevelt Elementary-Middle School",0,"F","Black/African American",2519162
"2019-2020","03","Roosevelt Elementary-Middle School",0,"M","Hispanic/Latino",4476288
"2019-2020","04","Roosevelt Elementary-Middle School",0,"F","White",3219440
"2019-2020","06","Roosevelt Elementary-Middle School",0,"M","White",4083596
"2019-2020","02","Roosevelt Elementary-Middle School",0,"M","Asian",3067536
"2019-2020","04","Roosevelt Elementary-Middle School",0,"F","Asian",6746924
"2019-2020","08","Roosevelt Elementary-Middle School",0,"M","Hispanic/Latino",1978336
"2019-2020","03","Roosevelt Elementary-Middle School",0,"F","Black/African American",9183100
"2019-2020","00","Roosevelt Elementary-Middle School",1,"F","Hispanic/Latino",1139214
"2019-2020","02","Roosevelt Elementary-Middle School",0,"F","Asian",8334742
"2019-2020","05","Roosevelt Elementary-Middle School",0,"M","Two or More Races",2306223
"2019-2020","01","Roosevelt Elementary-Middle School",0,"F","White",8308467
"2019-2020","07","Roosevelt Elementary-Middle School",0,"M","Hispanic/Latino",8461932
"2019-2020","04","Roosevelt Elementary-Middle School",0,"F","Two or More Races",5749773
"2019-2020","00","Roosevelt Elementary-Middle School",0,"M","Hispanic/Latino",2716929
"2019-2020","06","Roosevelt Elementary-Middle School",0,"F","White",6602612
"2019-2020","06","Roosevelt Elementary-Middle School",0,"M","Hispanic/Latino",7258527
"2019-2020","08","Roosevelt Elementary-Middle School",1,"M","Hispanic/Latino",8517626
"2019-2020","00","Roosevelt Elementary-Middle School",0,"M","Two or More Races",1268514
"2019-2020","08","Roosevelt Elementary-Middle School",0,"F","Hispanic/Latino",8305370
"2019-2020","06","Roosevelt Elementary-Middle School",0,"M","Hispanic/Latino",9217758
"2019-2020","00","Roosevelt Elementary-Middle School",0,"F","Black/African American",2939595
"2019-2020","03","Roosevelt Elementary-Middle School",0,"F","Black/African American",3970639
"2019-2020","00","Roosevelt Elementary-Middle School",0,"M","Black/African American",8611164
"2019-2020","01","Roosevelt Elementary-Middle School",0,"M","Hispanic/Latino",5642132
"2019-2020","03","Roosevelt Elementary-Middle School",0,"M","White",7945336
"2019-2020","03","Roosevelt Elementary-Middle School",1,"F","Black/African American",7752283
"2019-2020","00","Roosevelt Elementary-Middle School",0,"F","Black/African American",1202948
"2019-2020","04","Roosevelt Elementary-Middle School",0,"F","Two or More Races",6496206
"2019-2020","00","Roosevelt Elementary-Middle School",0,"F","Hispanic/Latino",4007682
"2019-2020","02","Roosevelt Elementary-Middle School",0,"M","Asian",6441635
"2019-2020","02","Roosevelt Elementary-Middle School",0,"F","White",1576425
"2019-2020","00","Roosevelt Elementary-Middle School",0,"F","Hispanic/Latino",1986265
"2019-2020","07","Roosevelt Elementary-Middle School",0,"M","Black/African American",7545304
"2019-2020","02","Roosevelt Elementary-Middle School",0,"F","Asian",9760470
"2019-2020","01","Roosevelt Elementary-Middle School",0,"F","Two or More Races",3640465
"2019-2020","00","Roosevelt Elementary-Middle School",0,"F","Asian",4578238
"2019-2020","04","Roosevelt Elementary-Middle School",0,"M","Hispanic/Latino",7783743
"2019-2020","06","Roosevelt Elementary-Middle School",0,"F","Hispanic/Latino",7223774
"2019-2020","08","Roosevelt Elementary-Middle School",0,"F","Black/African American",4843877
"2019-2020","08","Roosevelt Elementary-Middle School",0,"M","Hispanic/Latino",8049777
"2019-2020","00","Roosevelt Elementary-Middle School",0,"M","Asian",6552368
"2019-2020","00","Roosevelt Elementary-Middle School",1,"F","White",8527854
"2019-2020","00","Roosevelt Elementary-Middle School",0,"M","White",6733522
"2019-2020","08","Roosevelt Elementary-Middle School",0,"M","Black/African American",3809826
"2019-2020","04","Roosevelt Elementary-Middle School",0,"F","Black/African American",4885636
"2019-2020","02","Roosevelt Elementary-Middle School",0,"M","Hispanic/Latino",4067899
"2019-2020","04","Roosevelt Elementary-Middle School",0,"F","Two or More Races",9262060
"2019-2020","01","Roosevelt Elementary-Middle School",0,"F","Hispanic/Latino",2680329
"2019-2020","03","Roosevelt Elementary-Middle School",0,"M","Two or More Races",9765553
"2019-2020","05","Roosevelt Elementary-Middle School",0,"F","White",6718272
"2019-2020","00","Roosevelt Elementary-Middle School",0,"M","Black/African American",7266893
"2019-2020","08","Roosevelt Elementary-Middle School",0,"F","Hispanic/Latino",8640413
"2019-2020","00","Roosevelt Elementary-Middle School",0,"M","Black/African American",4977397
"2019-2020","00","Roosevelt Elementary-Middle School",0,"F","Asian",8655255
"2019-2020","04","Roosevelt Elementary-Middle School",0,"F","Two or More Races",4316758
"2019-2020","04","Roosevelt Elementary-Middle School",0,"F","Black/African American",8356168
"2019-2020","07","Roosevelt Elementary-Middle School",0,"F","Asian",6710262
"2019-2020","03","Roosevelt Elementary-Middle School",0,"F","Two or More Races",5994416
"2019-2020","06","Roosevelt Elementary-Middle School",0,"F","Hispanic/Latino",7623113
"2019-2020","08","Roosevelt Elementary-Middle School",0,"M","White",5464649
"2019-2020","06","Roosevelt Elementary-Middle School",0,"M","Black/African American",5991831
"2019-2020","01","Roosevelt Elementary-Middle School",0,"M","Black/African American",7998053
"2019-2020","01","Roosevelt Elementary-Middle School",0,"F","Hispanic/Latino",9543702
"2019-2020","07","Roosevelt Elementary-Middle School",0,"F","Black/African American",2087100
"2019-2020","00","Roosevelt Elementary-Middle School",0,"F","Two or More Races",6134414
"2019-2020","08","Roosevelt Elementary-Middle School",0,"M","Two or More Races",5124033
"2019-2020","04","Roosevelt Elementary-Middle School",0,"F","Hispanic/Latino",9796103
"2019-2020","06","Roosevelt Elementary-Middle School",0,"F","Hispanic/Latino",3297864
"2019-2020","05","Roosevelt Elementary-Middle School",0,"M","Black/African American",4004428
"2019-2020","04","Roosevelt Elementary-Middle School",0,"M","Black/African American",2536433
"2019-2020","06","Roosevelt Elementary-Middle School",0,"M","Hispanic/Latino",7628995
"2019-2020","02","Roosevelt Elementary-Middle School",0,"F","Black/African American",9200928
"2019-2020","02","Roosevelt Elementary-Middle School",0,"F","White",9469177
"2019-2020","05","Roosevelt Elementary-Middle School",0,"F","Black/African American",3332686
"2019-2020","03","Roosevelt Elementary-Middle School",0,"F","Hispanic/Latino",2538716
"2019-2020","00","Roosevelt Elementary-Middle School",0,"M","Hispanic/Latino",4410843
"2019-2020","01","Roosevelt Elementary-Middle School",0,"M","Black/African American",9003050
"2019-2020","07","Roosevelt Elementary-Middle School",0,"M","Hispanic/Latino",4821723
"2019-2020","03","Roosevelt Elementary-Middle School",0,"M","Black/African American",6835172
"2019-2020","00","Roosevelt Elementary-Middle School",0,"F","White",1835684
"2019-2020","05","Roosevelt Elementary-Middle School",0,"M","White",6172188
"2019-2020","04","Roosevelt Elementary-Middle School",0,"F","White",9459198
"2019-2020","02","Roosevelt Elementary-Middle School",0,"M","Hispanic/Latino",2090904
"2019-2020","03","Roosevelt Elementary-Middle School",0,"F","White",7389547
"2019-2020","07","Roosevelt Elementary-Middle School",1,"F","Black/African American",8205657
"2019-2020","00","Roosevelt Elementary-Middle School",0,"F","White",5526041
"2019-2020","04","Roosevelt Elementary-Middle School",0,"F","Hispanic/Latino",3091677
"2019-2020","03","Roosevelt Elementary-Middle School",0,"M","White",5958468
"2019-2020","03","Roosevelt Elementary-Middle School",0,"M","Hispanic/Latino",8604924
"2019-2020","01","Roosevelt Elementary-Middle School",0,"F","Hispanic/Latino",7146140
"2019-2020","03","Roosevelt Elementary-Middle School",0,"F","Two or More Races",4530537
"2019-2020","02","Roosevelt Elementary-Middle School",0,"M","Black/African American",4294804
"2019-2020","04","Roosevelt Elementary-Middle School",0,"M","Hispanic/Latino",2328250
"2019-2020","05","Roosevelt Elementary-Middle School",0,"F","White",9415922
"2019-2020","02","Roosevelt Elementary-Middle School",0,"M","Asian",3783029
"2019-2020","01","Roosevelt Elementary-Middle School",0,"F","Hispanic/Latino",8260265
"2019-2020","07","Roosevelt Elementary-Middle School",0,"M","Asian",8635644
"2019-2020","02","Roosevelt Elementary-Middle School",0,"M","Black/African American",7271314
"2019-2020","08","Roosevelt Elementary-Middle School",0,"M","Black/African American",9835425
"2019-2020","08","Roosevelt Elementary-Middle School",0,"M","Asian",1812613
"2019-2020","02","Roosevelt Elementary-Middle School",0,"M","Black/African American",6433176
"2019-2020","00","Roosevelt Elementary-Middle School",0,"M","Two or More Races",5309621
"2019-2020","00","Roosevelt Elementary-Middle School",1,"F","Black/African American",3274572
"2019-2020","00","Roosevelt Elementary-Middle School",0,"M","Asian",8725537
"2019-2020","01","Roosevelt Elementary-Middle School",0,"M","Black/African American",3158736
"2019-2020","04","Roosevelt Elementary-Middle School",0,"F","Black/African American",7932940
"2019-2020","07","Roosevelt Elementary-Middle School",0,"F","Black/African American",7569333
"2019-2020","07","Roosevelt Elementary-Middle School",0,"M","Black/African American",8946047
"2019-2020","00","Roosevelt Elementary-Middle School",0,"M","Hispanic/Latino",5055091
"2019-2020","06","Roosevelt Elementary-Middle School",0,"M","Asian",6344424
"2019-2020","07","Roosevelt Elementary-Middle School",0,"M","Black/African American",6984094
"2019-2020","06","Roosevelt Elementary-Middle School",0,"F","Two or More Races",6153186
"2019-2020","00","Roosevelt Elementary-Middle School",0,"F","Two or More Races",4452389
"2019-2020","01","Roosevelt Elementary-Middle School",0,"M","Asian",7447069
"2019-2020","07","Roosevelt Elementary-Middle School",0,"F","Hispanic/Latino",3376741
"2019-2020","00","Roosevelt Elementary-Middle School",0,"M","Hispanic/Latino",6843250
"2019-2020","05","Roosevelt Elementary-Middle School",0,"F","Black/African American",1894569
"2019-2020","00","Roosevelt Elementary-Middle School",0,"F","White",2650467
"2019-2020","07","Roosevelt Elementary-Middle School",0,"M","Hispanic/Latino",6553664
"2019-2020","00","Roosevelt Elementary-Middle School",0,"F","White",3333916
"2019-2020","03","Roosevelt Elementary-Middle School",0,"F","White",7687429
"2019-2020","07","Roosevelt Elementary-Middle School",0,"F","Hispanic/Latino",9626824
"2019-2020","06","Roosevelt Elementary-Middle School",0,"F","Black/African American",8647432
"2019-2020","08","Roosevelt Elementary-Middle School",0,"F","Hispanic/Latino",2931204
"2019-2020","02","Roosevelt Elementary-Middle School",0,"F","Black/African American",4657759
"2019-2020","01","Roosevelt Elementary-Middle School",0,"F","Hispanic/Latino",7948384
"2019-2020","02","Roosevelt Elementary-Middle School",0,"M","Black/African American",7159746
"2019-2020","01","Roosevelt Elementary-Middle School",0,"M","White",6378677
"2019-2020","00","Roosevelt Elementary-Middle School",0,"M","Black/African American",8856153
"2019-2020","03","Roosevelt Elementary-Middle School",0,"M","Two or More Races",8503977
"2019-2020","03","Roosevelt Elementary-Middle School",0,"M","Hispanic/Latino",6487083
"2019-2020","04","Roosevelt Elementary-Middle School",1,"M","Black/African American",3798784
"2019-2020","04","Roosevelt Elementary-Middle School",0,"M","Black/African American",4044867
"2019-2020","05","Roosevelt Elementary-Middle School",0,"M","Black/African American",3772428
"2019-2020","02","Roosevelt Elementary-Middle School",0,"F","Hispanic/Latino",9887996
"2019-2020","08","Roosevelt Elementary-Middle School",0,"F","Black/African American",5238052
"2019-2020","06","Roosevelt Elementary-Middle School",0,"M","Black/African American",5855989
"2019-2020","00","Roosevelt Elementary-Middle School",0,"M","Hispanic/Latino",5395126
"2019-2020","02","Roosevelt Elementary-Middle School",0,"M","Black/African American",7744801
"2019-2020","01","Roosevelt Elementary-Middle School",0,"M","Asian",4025201
"2019-2020","00","Roosevelt Elementary-Middle School",0,"F","White",8000436
"2019-2020","02","Roosevelt Elementary-Middle School",0,"F","Asian",8495602
"2019-2020","01","Roosevelt Elementary-Middle School",0,"F","Two or More Races",1113350
"2019-2020","03","Roosevelt Elementary-Middle School",0,"M","Asian",9544306
"2019-2020","07","Roosevelt Elementary-Middle School",0,"F","Asian",5201779
"2019-2020","02","Roosevelt Elementary-Middle School",0,"M","White",4563720
"2019-2020","01","Roosevelt Elementary-Middle School",0,"M","White",8172613
"2019-2020","00","Roosevelt Elementary-Middle School",0,"F","Hispanic/Latino",6607679
"2019-2020","02","Roosevelt Elementary-Middle School",0,"F","White",7814280
"2019-2020","07","Roosevelt Elementary-Middle School",1,"M","Hispanic/Latino",3454285
"2019-2020","01","Roosevelt Elementary-Middle School",0,"M","White",7223866
"2019-2020","08","Roosevelt Elementary-Middle School",0,"F","White",7746056
"2019-2020","02","Roosevelt Elementary-Middle School",0,"F","White",2467633
"2019-2020","06","Roosevelt Elementary-Middle School",1,"M","Two or More Races",6246960
"2019-2020","03","Roosevelt Elementary-Middle School",0,"M","White",9743578
"2019-2020","05","Roosevelt Elementary-Middle School",0,"M","Hispanic/Latino",9563711
"2019-2020","00","Roosevelt Elementary-Middle School",0,"M","Hispanic/Latino",9860925
"2019-2020","00","Roosevelt Elementary-Middle School",0,"M","Two or More Races",2632069
"2019-2020","04","Roosevelt Elementary-Middle School",0,"M","Two or More Races",5844626
"2019-2020","07","Roosevelt Elementary-Middle School",0,"M","Black/African American",5789553
"2019-2020","02","Roosevelt Elementary-Middle School",0,"F","Hispanic/Latino",6912374
"2019-2020","06","Roosevelt Elementary-Middle School",0,"F","Hispanic/Latino",5855370
"2019-2020","01","Roosevelt Elementary-Middle School",0,"F","White",6947159
"2019-2020","02","Roosevelt Elementary-Middle School",0,"F","Hispanic/Latino",6990608
"2019-2020","04","Roosevelt Elementary-Middle School",0,"M","Hispanic/Latino",8903884
"2019-2020","03","Roosevelt Elementary-Middle School",0,"M","Black/African American",7399552
"2019-2020","07","Roosevelt Elementary-Middle School",0,"M","Black/African American",4224540
"2019-2020","01","Roosevelt Elementary-Middle School",0,"M","Black/African American",5613709
"2019-2020","08","Roosevelt Elementary-Middle School",0,"F","White",9310835
"2019-2020","08","Roosevelt Elementary-Middle School",0,"F","White",9622084
"2019-2020","02","Roosevelt Elementary-Middle School",0,"F","Black/African American",7208253
"2019-2020","04","Roosevelt Elementary-Middle School",0,"F","Hispanic/Latino",4402753
"2019-2020","05","Roosevelt Elementary-Middle School",0,"M","Black/African American",7585880
"2019-2020","03","Roosevelt Elementary-Middle School",0,"M","Black/African American",7152079
"2019-2020","03","Roosevelt Elementary-Middle School",0,"M","Asian",2584368
"2019-2020","01","Roosevelt Elementary-Middle School",0,"M","Hispanic/Latino",9349533
"2019-2020","04","Roosevelt Elementary-Middle School",0,"F","White",1320978
"2019-2020","08","Roosevelt Elementary-Middle School",0,"F","Black/African American",5247148
"2019-2020","05","Roosevelt Elementary-Middle School",0,"F","Hispanic/Latino",5727313
"2019-2020","04","Roosevelt Elementary-Middle School",0,"F","Black/African American",7585808
"2019-2020","00","Roosevelt Elementary-Middle School",0,"M","Black/African American",1954278
"2019-2020","01","Roosevelt Elementary-Middle School",0,"F","Hispanic/Latino",7385280
"2019-2020","03","Roosevelt Elementary-Middle School",0,"F","Two or More Races",3839814
"2019-2020","08","Roosevelt Elementary-Middle School",0,"M","White",2661033
"2019-2020","03","Roosevelt Elementary-Middle School",0,"F","Black/African American",2594716
"2019-2020","03","Roosevelt Elementary-Middle School",0,"M","Black/African American",6814596
"2019-2020","04","Roosevelt Elementary-Middle School",0,"M","Black/African American",1651028
"2019-2020","03","Roosevelt Elementary-Middle School",0,"F","White",3631042
"2019-2020","02","Roosevelt Elementary-Middle School",0,"M","Hispanic/Latino",3884814
"2019-2020","04","Roosevelt Elementary-Middle School",0,"F","Black/African American",5757872
"2019-2020","04","Roosevelt Elementary-Middle School",0,"M","Black/African American",9450695
"2019-2020","01","Roosevelt Elementary-Middle School",0,"F","Black/African American",2653582
"2019-2020","02","Roosevelt Elementary-Middle School",0,"F","White",3187476
"2019-2020","00","Roosevelt Elementary-Middle School",0,"M","White",6611339
"2019-2020","05","Roosevelt Elementary-Middle School",0,"M","Hispanic/Latino",4577308
"2019-2020","05","Roosevelt Elementary-Middle School",0,"F","Black/African American",7330753
"2019-2020","00","Roosevelt Elementary-Middle School",0,"F","Asian",5976989
"2019-2020","01","Roosevelt Elementary-Middle School",0,"F","Black/African American",2018861
"2019-2020","08","Roosevelt Elementary-Middle School",0,"F","Hispanic/Latino",5035865
"2019-2020","04","Roosevelt Elementary-Middle School",0,"M","Black/African American",5571769
"2019-2020","05","Roosevelt Elementary-Middle School",0,"F","Hispanic/Latino",5504590
"2019-2020","03","Roosevelt Elementary-Middle School",0,"F","Two or More Races",5474691
"2019-2020","01","Roosevelt Elementary-Middle School",0,"M","Hispanic/Latino",5828104
"2019-2020","00","Roosevelt Elementary-Middle School",0,"F","Two or More Races",9175359
"2019-2020","06","Roosevelt Elementary-Middle School",0,"F","Hispanic/Latino",9865663
"2019-2020","08","Eisenhower Elementary-Middle School",0,"F","Black/African American",4641170
"2019-2020","03","Eisenhower Elementary-Middle School",0,"M","Hispanic/Latino",6737164
"2019-2020","01","Eisenhower Elementary-Middle School",0,"M","Hispanic/Latino",2655776
"2019-2020","07","Eisenhower Elementary-Middle School",0,"F","Black/African American",9247516
"2019-2020","07","Eisenhower Elementary-Middle School",1,"F","Hispanic/Latino",7621728
"2019-2020","02","Eisenhower Elementary-Middle School",0,"F","Hispanic/Latino",2528181
"2019-2020","07","Eisenhower Elementary-Middle School",0,"F","White",9906800
"2019-2020","01","Eisenhower Elementary-Middle School",0,"F","Hispanic/Latino",5580232
"2019-2020","08","Eisenhower Elementary-Middle School",0,"M","White",6103264
"2019-2020","03","Eisenhower Elementary-Middle School",0,"M","Black/African American",3450666
"2019-2020","04","Eisenhower Elementary-Middle School",0,"F","Black/African American",5963411
"2019-2020","05","Eisenhower Elementary-Middle School",0,"F","Hispanic/Latino",1510146
"2019-2020","05","Eisenhower Elementary-Middle School",0,"F","Two or More Races",4138529
"2019-2020","04","Eisenhower Elementary-Middle School",0,"M","Hispanic/Latino",7687981
"2019-2020","02","Eisenhower Elementary-Middle School",0,"M","Hispanic/Latino",1258788
"2019-2020","00","Eisenhower Elementary-Middle School",0,"F","Hispanic/Latino",2266637
"2019-2020","04","Eisenhower Elementary-Middle School",0,"F","Black/African American",7940308
"2019-2020","06","Eisenhower Elementary-Middle School",0,"F","Hispanic/Latino",7496469
"2019-2020","06","Eisenhower Elementary-Middle School",1,"M","White",1846395
"2019-2020","01","Eisenhower Elementary-Middle School",0,"M","Two or More Races",8880341
"2019-2020","03","Eisenhower Elementary-Middle School",0,"F","White",4107612
"2019-2020","03","Eisenhower Elementary-Middle School",0,"M","Black/African American",6894294
"2019-2020","03","Eisenhower Elementary-Middle School",0,"M","Black/African American",6520293
"2019-2020","05","Eisenhower Elementary-Middle School",0,"M","Hispanic/Latino",9834122
"2019-2020","03","Eisenhower Elementary-Middle School",0,"F","Two or More Races",6528279
"2019-2020","05","Eisenhower Elementary-Middle School",0,"F","Asian",6897407
"2019-2020","04","Eisenhower Elementary-Middle School",0,"M","Hispanic/Latino",3256846
"2019-2020","03","Eisenhower Elementary-Middle School",0,"F","Two or More Races",4742135
"2019-2020","00","Eisenhower Elementary-Middle School",0,"F","Black/African American",7900677
"2019-2020","03","Eisenhower Elementary-Middle School",0,"M","Black/African American",4165432
"2019-2020","02","Eisenhower Elementary-Middle School",0,"F","White",8888353
"2019-2020","03","Eisenhower Elementary-Middle School",0,"M","Two or More Races",9247484
"2019-2020","01","Eisenhower Elementary-Middle School",0,"F","Two or More Races",5100837
"2019-2020","07","Eisenhower Elementary-Middle School",0,"M","Black/African American",9498446
"2019-2020","02","Eisenhower Elementary-Middle School",0,"M","Black/African American",6272407
"2019-2020","08","Eisenhower Elementary-Middle School",0,"F","Asian",3226047
"2019-2020","08","Eisenhower Elementary-Middle School",0,"M","Asian",3404616
"2019-2020","00","Eisenhower Elementary-Middle School",0,"F","Black/African American",3568035
"2019-2020","01","Eisenhower Elementary-Middle School",0,"M","White",9919205
"2019-2020","06","Eisenhower Elementary-Middle School",0,"F","Hispanic/Latino",7930287
"2019-2020","01","Eisenhower Elementary-Middle School",0,"F","Asian",6673967
"2019-2020","00","Eisenhower Elementary-Middle School",0,"M","Hispanic/Latino",2068470
"2019-2020","08","Eisenhower Elementary-Middle School",0,"F","Two or More Races",4844351
"2019-2020","00","Eisenhower Elementary-Middle School",0,"F","Black/African American",5589036
"2019-2020","05","Eisenhower Elementary-Middle School",0,"F","Two or More Races",7992614
"2019-2020","00","Eisenhower Elementary-Middle School",0,"F","Hispanic/Latino",6299946
"2019-2020","03","Eisenhower Elementary-Middle School",0,"F","Black/African American",6001630
"2019-2020","03","Eisenhower Elementary-Middle School",0,"F","White",6360381
"2019-2020","01","Eisenhower Elementary-Middle School",0,"F","Asian",2742436
"2019-2020","01","Eisenhower Elementary-Middle School",0,"M","Hispanic/Latino",4659293
"2019-2020","02","Eisenhower Elementary-Middle School",0,"F","Black/African American",3376305
"2019-2020","02","Eisenhower Elementary-Middle School",0,"F","Hispanic/Latino",6556417
"2019-2020","06","Eisenhower Elementary-Middle School",0,"M","Black/African American",5229854
"2019-2020","07","Eisenhower Elementary-Middle School",0,"F","Hispanic/Latino",4397862
"2019-2020","00","Eisenhower Elementary-Middle School",0,"F","Black/African American",4128554
"2019-2020","01","Eisenhower Elementary-Middle School",0,"F","Black/African American",1416447
"2019-2020","05","Eisenhower Elementary-Middle School",0,"F","Black/African American",6439973
"2019-2020","01","Eisenhower Elementary-Middle School",1,"M","Two or More Races",8940279
"2019-2020","03","Eisenhower Elementary-Middle School",0,"F","Black/African American",1332978
"2019-2020","03","Eisenhower Elementary-Middle School",0,"F","Asian",6982870
"2019-2020","00","Eisenhower Elementary-Middle School",0,"M","White",4393779
"2019-2020","00","Eisenhower Elementary-Middle School",0,"M","Black/African American",2652231
"2019-2020","02","Eisenhower Elementary-Middle School",0,"M","White",9331206
"2019-2020","03","Eisenhower Elementary-Middle School",0,"F","White",1484358
"2019-2020","03","Eisenhower Elementary-Middle School",0,"F","Hispanic/Latino",9407502
"2019-2020","01","Eisenhower Elementary-Middle School",0,"F","Hispanic/Latino",5242643
"2019-2020","00","Eisenhower Elementary-Middle School",0,"F","White",8066885
"2019-2020","05","Eisenhower Elementary-Middle School",0,"M","Hispanic/Latino",6802798
"2019-2020","07","Eisenhower Elementary-Middle School",0,"M","Two or More Races",8046849
"2019-2020","05","Eisenhower Elementary-Middle School",0,"M","Two or More Races",2842487
"2019-2020","07","Eisenhower Elementary-Middle School",0,"M","Black/African American",1794916
"2019-2020","04","Eisenhower Elementary-Middle School",0,"M","Hispanic/Latino",9386897
"2019-2020","06","Eisenhower Elementary-Middle School",0,"M","Two or More Races",6988784
"2019-2020","02","Eisenhower Elementary-Middle School",0,"F","Black/African American",1640981
"2019-2020","06","Eisenhower Elementary-Middle School",1,"M","Black/African American",8816737
"2019-2020","05","Eisenhower Elementary-Middle School",0,"F","Black/African American",7782603
"2019-2020","04","Eisenhower Elementary-Middle School",0,"M","Black/African American",3702109
"2019-2020","08","Eisenhower Elementary-Middle School",1,"M","Hispanic/Latino",5566434
"2019-2020","02","Eisenhower Elementary-Middle School",0,"M","Black/African American",7706946
"2019-2020","02","Eisenhower Elementary-Middle School",0,"F","White",3863181
"2019-2020","02","Eisenhower Elementary-Middle School",0,"M","Two or More Races",1248109
"2019-2020","00","Eisenhower Elementary-Middle School",0,"M","Hispanic/Latino",2357395
"2019-2020","08","Eisenhower Elementary-Middle School",0,"F","Hispanic/Latino",4630625
"2019-2020","07","Eisenhower Elementary-Middle School",0,"F","White",5683716
"2019-2020","04","Eisenhower Elementary-Middle School",0,"F","Hispanic/Latino",6289300
"2019-2020","01","Eisenhower Elementary-Middle School",0,"F","Black/African American",1827581
"2019-2020","07","Eisenhower Elementary-Middle School",0,"F","Asian",2211609
"2019-2020","00","Eisenhower Elementary-Middle School",0,"M","Black/African American",6519217
"2019-2020","01","Eisenhower Elementary-Middle School",0,"M","Hispanic/Latino",1990684
"2019-2020","03","Eisenhower Elementary-Middle School",0,"F","Black/African American",2153574
"2019-2020","01","Eisenhower Elementary-Middle School",0,"M","Two or More Races",8894676
"2019-2020","05","Eisenhower Elementary-Middle School",0,"F","Black/African American",5077521
"2019-2020","04","Eisenhower Elementary-Middle School",0,"M","Hispanic/Latino",7423099
"2019-2020","05","Eisenhower Elementary-Middle School",0,"M","Black/African American",8256016
"2019-2020","07","Eisenhower Elementary-Middle School",1,"M","Black/African American",7869786
"2019-2020","03","Eisenhower Elementary-Middle School",1,"M","White",2242290
"2019-2020","01","Eisenhower Elementary-Middle School",0,"M","Hispanic/Latino",7788040
"2019-2020","00","Eisenhower Elementary-Middle School",0,"F","Hispanic/Latino",4820255
"2019-2020","03","Eisenhower Elementary-Middle School",0,"M","Black/African American",2934088
"2019-2020","00","Eisenhower Elementary-Middle School",0,"M","Hispanic/Latino",7910618
"2019-2020","08","Eisenhower Elementary-Middle School",0,"M","White",7757826
"2019-2020","05","Eisenhower Elementary-Middle School",1,"M","Black/African American",7231620
"2019-2020","00","Eisenhower Elementary-Middle School",0,"F","Black/African American",5835425
"2019-2020","00","Eisenhower Elementary-Middle School",0,"M","Hispanic/Latino",8375497
"2019-2020","00","Eisenhower Elementary-Middle School",0,"M","White",5536058
"2019-2020","02","Eisenhower Elementary-Middle School",0,"M","White",4188220
"2019-2020","05","Eisenhower Elementary-Middle School",0,"M","Asian",4315925
"2019-2020","00","Eisenhower Elementary-Middle School",0,"F","Hispanic/Latino",5012288
"2019-2020","00","Eisenhower Elementary-Middle School",0,"M","Black/African American",4483858
"2019-2020","07","Eisenhower Elementary-Middle School",0,"F","Black/African American",8253476
"2019-2020","03","Eisenhower Elementary-Middle School",0,"F","Hispanic/Latino",1715822
"2019-2020","07","Eisenhower Elementary-Middle School",0,"F","White",9155765
"2019-2020","08","Eisenhower Elementary-Middle School",0,"F","Asian",6269297
"2019-2020","06","Eisenhower Elementary-Middle School",0,"F","Asian",1706556
"2019-2020","02","Eisenhower Elementary-Middle School",0,"M","White",9461302
"2019-2020","04","Eisenhower Elementary-Middle School",0,"M","White",6944757
"2019-2020","06","Eisenhower Elementary-Middle School",0,"M","Black/African American",9933238
"2019-2020","03","Eisenhower Elementary-Middle School",0,"M","Black/African American",3044134
"2019-2020","01","Eisenhower Elementary-Middle School",0,"F","Hispanic/Latino",5145343
"2019-2020","06","Eisenhower Elementary-Middle School",0,"M","Black/African American",3873799
"2019-2020","06","Eisenhower Elementary-Middle School",1,"F","Black/African American",3942431
"2019-2020","08","Eisenhower Elementary-Middle School",0,"F","Two or More Races",4273403
"2019-2020","01","Eisenhower Elementary-Middle School",0,"F","Black/African American",2264946
"2019-2020","04","Eisenhower Elementary-Middle School",0,"F","Black/African American",5629060
"2019-2020","03","Eisenhower Elementary-Middle School",0,"F","Black/African American",7044021
"2019-2020","08","Eisenhower Elementary-Middle School",0,"F","Black/African American",8978460
"2019-2020","01","Eisenhower Elementary-Middle School",0,"F","Asian",8519560
"2019-2020","03","Eisenhower Elementary-Middle School",0,"M","Black/African American",4911105
"2019-2020","06","Eisenhower Elementary-Middle School",0,"M","Hispanic/Latino",4125255
"2019-2020","06","Eisenhower Elementary-Middle School",0,"M","Black/African American",7571099
"2019-2020","06","Eisenhower Elementary-Middle School",0,"F","Hispanic/Latino",9203732
"2019-2020","01","Eisenhower Elementary-Middle School",0,"M","Two or More Races",6154780
"2019-2020","01","Eisenhower Elementary-Middle School",0,"M","Black/African American",4566400
"2019-2020","05","Eisenhower Elementary-Middle School",0,"M","Black/African American",6374448
"2019-2020","07","Eisenhower Elementary-Middle School",0,"F","Black/African American",2572236
"2019-2020","04","Eisenhower Elementary-Middle School",0,"M","Black/African American",6933141
"2019-2020","01","Eisenhower Elementary-Middle School",0,"M","Two or More Races",6959687
"2019-2020","03","Eisenhower Elementary-Middle School",0,"M","Two or More Races",7617464
"2019-2020","00","Eisenhower Elementary-Middle School",0,"F","Black/African American",7942821
"2019-2020","07","Eisenhower Elementary-Middle School",0,"M","Asian",7961258
"2019-2020","02","Eisenhower Elementary-Middle School",0,"M","White",9053347
"2019-2020","03","Eisenhower Elementary-Middle School",0,"M","White",7892192
"2019-2020","02","Eisenhower Elementary-Middle School",0,"M","Black/African American",5490716
"2019-2020","04","Eisenhower Elementary-Middle School",0,"M","Asian",2700681
"2019-2020","03","Eisenhower Elementary-Middle School",0,"M","Black/African American",4757720
"2019-2020","03","Eisenhower Elementary-Middle School",0,"M","Black/African American",3737889
"2019-2020","06","Eisenhower Elementary-Middle School",0,"M","Hispanic/Latino",5643174
"2019-2020","01","Eisenhower Elementary-Middle School",0,"F","White",9099412
"2019-2020","00","Eisenhower Elementary-Middle School",0,"M","Hispanic/Latino",1438280
"2019-2020","05","Eisenhower Elementary-Middle School",0,"F","Hispanic/Latino",8532922
"2019-2020","08","Eisenhower Elementary-Middle School",0,"M","Black/African American",6160198
"2019-2020","00","Eisenhower Elementary-Middle School",0,"M","Hispanic/Latino",3846313
"2019-2020","01","Eisenhower Elementary-Middle School",0,"F","Asian",8203168
"2019-2020","04","Eisenhower Elementary-Middle School",0,"F","Hispanic/Latino",8137607
"2019-2020","04","Eisenhower Elementary-Middle School",0,"F","White",4401462
"2019-2020","02","Eisenhower Elementary-Middle School",0,"F","White",8441575
"2019-2020","07","Eisenhower Elementary-Middle School",0,"M","White",6550536
"2019-2020","08","Eisenhower Elementary-Middle School",0,"F","Black/African American",7736893
"2019-2020","05","Eisenhower Elementary-Middle School",1,"M","Black/African American",9387169
"2019-2020","00","Eisenhower Elementary-Middle School",0,"M","Hispanic/Latino",8812057
"2019-2020","03","Eisenhower Elementary-Middle School",0,"F","White",3298383
"2019-2020","03","Eisenhower Elementary-Middle School",0,"M","Hispanic/Latino",8998403
"2019-2020","00","Eisenhower Elementary-Middle School",0,"M","Hispanic/Latino",2994365
"2019-2020","04","Eisenhower Elementary-Middle School",0,"F","Hispanic/Latino",4645259
"2019-2020","03","Eisenhower Elementary-Middle School",0,"M","Hispanic/Latino",5223834
"2019-2020","01","Eisenhower Elementary-Middle School",0,"F","Black/African American",8838844
"2019-2020","05","Eisenhower Elementary-Middle School",0,"M","Hispanic/Latino",6209940
"2019-2020","01","Eisenhower Elementary-Middle School",1,"M","Hispanic/Latino",9037220
"2019-2020","03","Eisenhower Elementary-Middle School",0,"F","White",9415742
"2019-2020","07","Eisenhower Elementary-Middle School",0,"M","Black/African American",7830408
"2019-2020","04","Eisenhower Elementary-Middle School",0,"M","White",4558052
"2019-2020","08","Eisenhower Elementary-Middle School",0,"M","Hispanic/Latino",4464539
"2019-2020","07","Eisenhower Elementary-Middle School",0,"F","Hispanic/Latino",4293969
"2019-2020","08","Eisenhower Elementary-Middle School",0,"M","Hispanic/Latino",4415632
"2019-2020","01","Eisenhower Elementary-Middle School",0,"F","Black/African American",9157369
"2019-2020","02","Eisenhower Elementary-Middle School",0,"M","Black/African American",9942327
"2019-2020","00","Eisenhower Elementary-Middle School",0,"F","Hispanic/Latino",7642062
"2019-2020","07","Eisenhower Elementary-Middle School",0,"M","Two or More Races",6366132
"2019-2020","05","Eisenhower Elementary-Middle School",0,"M","White",4147316
"2019-2020","03","Eisenhower Elementary-Middle School",0,"M","Two or More Races",4205707
"2019-2020","00","Eisenhower Elementary-Middle School",0,"F","Black/African American",9215596
"2019-2020","02","Eisenhower Elementary-Middle School",0,"M","Two or More Races",7865710
"2019-2020","05","Eisenhower Elementary-Middle School",0,"M","Hispanic/Latino",3079178
"2019-2020","07","Eisenhower Elementary-Middle School",0,"M","White",1817789
"2019-2020","08","Eisenhower Elementary-Middle School",0,"M","Hispanic/Latino",9674014
"2019-2020","04","Eisenhower Elementary-Middle School",0,"F","Hispanic/Latino",9332348
"2019-2020","05","Eisenhower Elementary-Middle School",0,"M","Hispanic/Latino",8023328
"2019-2020","01","Eisenhower Elementary-Middle School",0,"M","White",8966389
"2019-2020","01","Eisenhower Elementary-Middle School",0,"M","Hispanic/Latino",8333530
"2019-2020","05","Eisenhower Elementary-Middle School",0,"M","Black/African American",8904732
"2019-2020","01","Eisenhower Elementary-Middle School",0,"F","White",6757347
"2019-2020","02","Eisenhower Elementary-Middle School",0,"F","Black/African American",9865947
"2019-2020","04","Eisenhower Elementary-Middle School",0,"M","Hispanic/Latino",8599149
"2019-2020","00","Eisenhower Elementary-Middle School",0,"M","Black/African American",8177753
"2019-2020","01","Eisenhower Elementary-Middle School",0,"M","White",9168716
"2019-2020","02","Eisenhower Elementary-Middle School",0,"F","Two or More Races",6307073
"2019-2020","08","Eisenhower Elementary-Middle School",0,"M","Hispanic/Latino",4572335
"2019-2020","05","Eisenhower Elementary-Middle School",0,"M","White",5996833
"2019-2020","02","Eisenhower Elementary-Middle School",0,"F","Hispanic/Latino",5856241
"2019-2020","07","Eisenhower Elementary-Middle School",0,"F","Hispanic/Latino",2356280
"2019-2020","06","Eisenhower Elementary-Middle School",0,"M","Asian",6844367
"2019-2020","03","Eisenhower Elementary-Middle School",0,"F","Black/African American",7987316
"2019-2020","03","Eisenhower Elementary-Middle School",0,"M","Asian",8663174
"2019-2020","04","Eisenhower Elementary-Middle School",0,"F","Black/African American",5623891
"2019-2020","02","Eisenhower Elementary-Middle School",0,"F","Hispanic/Latino",1376810
"2019-2020","01","Eisenhower Elementary-Middle School",0,"M","Black/African American",1225352
"2019-2020","01","Eisenhower Elementary-Middle School",0,"F","Hispanic/Latino",2741699
"2019-2020","03","Eisenhower Elementary-Middle School",0,"M","Black/African American",4340674
"2019-2020","03","Eisenhower Elementary-Middle School",0,"M","Hispanic/Latino",4111179
"2019-2020","07","Eisenhower Elementary-Middle School",0,"F","Black/African American",5814174
"2019-2020","08","Eisenhower Elementary-Middle School",1,"F","Hispanic/Latino",6627052
"2019-2020","02","Eisenhower Elementary-Middle School",0,"F","White",9024824
"2019-2020","06","Eisenhower Elementary-Middle School",0,"F","Hispanic/Latino",4975000
"2019-2020","04","Eisenhower Elementary-Middle School",0,"F","White",3894628
"2019-2020","00","Eisenhower Elementary-Middle School",0,"F","Black/African American",8245773
"2019-2020","05","Eisenhower Elementary-Middle School",0,"F","Hispanic/Latino",4106495
"2019-2020","02","Eisenhower Elementary-Middle School",0,"M","Hispanic/Latino",5141968
"2019-2020","04","Eisenhower Elementary-Middle School",0,"F","Black/African American",6440687
"2019-2020","02","Eisenhower Elementary-Middle School",0,"F","Black/African American",6639018
"2019-2020","01","Eisenhower Elementary-Middle School",0,"F","Black/African American",2022584
"2019-2020","02","Eisenhower Elementary-Middle School",0,"M","White",2478845
"2019-2020","08","Eisenhower Elementary-Middle School",0,"M","Black/African American",4586762
"2019-2020","05","Eisenhower Elementary-Middle School",0,"M","Black/African American",1323131
"2019-2020","01","Eisenhower Elementary-Middle School",0,"F","Hispanic/Latino",4844573
"2019-2020","01","Eisenhower Elementary-Middle School",0,"M","Black/African American",9859774
"2019-2020","03","Eisenhower Elementary-Middle School",0,"M","Hispanic/Latino",9465603
"2019-2020","05","Eisenhower Elementary-Middle School",0,"M","Hispanic/Latino",7565558
"2019-2020","01","Eisenhower Elementary-Middle School",0,"F","Hispanic/Latino",2837190
"2019-2020","03","Eisenhower Elementary-Middle School",0,"F","Hispanic/Latino",6227432
"2019-2020","00","Eisenhower Elementary-Middle School",0,"M","Black/African American",4242241
"2019-2020","03","Eisenhower Elementary-Middle School",0,"M","Asian",2592759
"2019-2020","04","Eisenhower Elementary-Middle School",0,"F","Black/African American",4921608
"2019-2020","01","Eisenhower Elementary-Middle School",0,"F","Black/African American",4060969
"2019-2020","01","Eisenhower Elementary-Middle School",0,"F","Asian",2866512
"2019-2020","04","Eisenhower Elementary-Middle School",0,"F","White",2498979
"2019-2020","03","Eisenhower Elementary-Middle School",0,"M","Black/African American",8680946
"2019-2020","08","Eisenhower Elementary-Middle School",0,"M","Black/African American",4125885
"2019-2020","04","Eisenhower Elementary-Middle School",0,"F","Black/African American",8473935
"2019-2020","00","Eisenhower Elementary-Middle School",0,"F","Hispanic/Latino",9632275
"2019-2020","00","Eisenhower Elementary-Middle School",0,"M","Hispanic/Latino",2349509
"2019-2020","05","Eisenhower Elementary-Middle School",1,"F","Black/African American",9724925
"2019-2020","01","Eisenhower Elementary-Middle School",0,"F","Two or More Races",5358659
"2019-2020","05","Eisenhower Elementary-Middle School",0,"F","White",9276778
"2019-2020","03","Eisenhower Elementary-Middle School",0,"M","White",4491515
"2019-2020","00","Eisenhower Elementary-Middle School",0,"M","Black/African American",1314779
"2019-2020","03","Eisenhower Elementary-Middle School",0,"F","Asian",7540994
"2019-2020","03","Eisenhower Elementary-Middle School",0,"F","Black/African American",6809266
"2019-2020","04","Eisenhower Elementary-Middle School",0,"M","Black/African American",2061162
"2019-2020","08","Eisenhower Elementary-Middle School",0,"F","White",8699107
"2019-2020","02","Eisenhower Elementary-Middle School",0,"M","Hispanic/Latino",8524044
"2019-2020","07","Eisenhower Elementary-Middle School",0,"M","Asian",2707969
"2019-2020","06","Eisenhower Elementary-Middle School",0,"M","Black/African American",5362944
"2019-2020","08","Eisenhower Elementary-Middle School",0,"M","Black/African American",7520664
"2019-2020","07","Eisenhower Elementary-Middle School",0,"F","Black/African American",2858564
"2019-2020","08","Eisenhower Elementary-Middle School",0,"F","Hispanic/Latino",1308956
"2019-2020","02","Eisenhower Elementary-Middle School",0,"F","Black/African American",3389871
"2019-2020","06","Eisenhower Elementary-Middle School",0,"M","Two or More Races",6357372
"2019-2020","06","Eisenhower Elementary-Middle School",0,"M","Black/African American",7961334
"2019-2020","02","Eisenhower Elementary-Middle School",0,"F","Black/African American",4623141
"2019-2020","07","Eisenhower Elementary-Middle School",0,"F","Two or More Races",9385924
"2019-2020","01","Eisenhower Elementary-Middle School",0,"F","Two or More Races",4881112
"2019-2020","03","Eisenhower Elementary-Middle School",0,"F","White",9629424
"2019-2020","04","Eisenhower Elementary-Middle School",0,"M","Hispanic/Latino",8119223
"2019-2020","01","Eisenhower Elementary-Middle School",0,"F","White",1717049
"2019-2020","00","Eisenhower Elementary-Middle School",0,"M","Hispanic/Latino",8722022
"2019-2020","01","Eisenhower Elementary-Middle School",0,"M","Asian",8546080
"2019-2020","06","Eisenhower Elementary-Middle School",0,"M","Black/African American",2201598
"2019-2020","02","Eisenhower Elementary-Middle School",0,"M","Black/African American",5087943
"2019-2020","02","Eisenhower Elementary-Middle School",0,"M","Black/African American",5083163
"2019-2020","01","Eisenhower Elementary-Middle School",0,"F","Hispanic/Latino",9405467
"2019-2020","05","Eisenhower Elementary-Middle School",0,"M","Hispanic/Latino",5442754
"2019-2020","07","Eisenhower Elementary-Middle School",0,"F","White",1900464
"2019-2020","05","Eisenhower Elementary-Middle School",0,"M","Black/African American",5987824
"2019-2020","03","Eisenhower Elementary-Middle School",0,"F","Black/African American",6799673
"2019-2020","01","Eisenhower Elementary-Middle School",0,"F","Black/African American",7952149
"2019-2020","04","Eisenhower Elementary-Middle School",0,"F","Black/African American",8475590
"2019-2020","04","Eisenhower Elementary-Middle School",0,"M","Black/African American",4616095
"2019-2020","06","Eisenhower Elementary-Middle School",0,"F","Black/African American",6036895
"2019-2020","03","Eisenhower Elementary-Middle School",0,"F","Hispanic/Latino",9799838
"2019-2020","00","Eisenhower Elementary-Middle School",0,"F","White",2592611
"2019-2020","06","Eisenhower Elementary-Middle School",0,"F","Black/African American",9556126
"2019-2020","02","Eisenhower Elementary-Middle School",0,"F","White",3083732
"2019-2020","05","Eisenhower Elementary-Middle School",0,"M","Black/African American",6747721
"2019-2020","02","Eisenhower Elementary-Middle School",0,"F","Black/African American",6935944
"2019-2020","03","Eisenhower Elementary-Middle School",0,"M","White",2099017
"2019-2020","04","Eisenhower Elementary-Middle School",0,"F","Black/African American",3081252
"2019-2020","00","Eisenhower Elementary-Middle School",0,"M","Hispanic/Latino",8512153
"2019-2020","04","Eisenhower Elementary-Middle School",0,"M","Black/African American",5650525
"2019-2020","03","Eisenhower Elementary-Middle School",0,"M","Asian",6583825
"2019-2020","03","Eisenhower Elementary-Middle School",0,"M","White",4909463
"2019-2020","04","Eisenhower Elementary-Middle School",0,"F","Hispanic/Latino",7060277
"2019-2020","03","Eisenhower Elementary-Middle School",0,"F","Asian",4058591
"2019-2020","03","Eisenhower Elementary-Middle School",0,"F","Black/African American",4539001
"2019-2020","02","Eisenhower Elementary-Middle School",0,"M","Black/African American",5029844
"2019-2020","00","Eisenhower Elementary-Middle School",0,"F","White",5794408
"2019-2020","06","Eisenhower Elementary-Middle School",0,"M","Hispanic/Latino",9168619
"2019-2020","01","Eisenhower Elementary-Middle School",0,"M","White",9544396
"2019-2020","08","Eisenhower Elementary-Middle School",0,"F","Two or More Races",3780612
"2019-2020","05","Eisenhower Elementary-Middle School",0,"M","Asian",9259631
"2019-2020","02","Eisenhower Elementary-Middle School",0,"M","Black/African American",3747909
"2019-2020","01","Eisenhower Elementary-Middle School",0,"F","Black/African American",4333171
"2019-2020","02","Eisenhower Elementary-Middle School",0,"M","Hispanic/Latino",3939659
"2019-2020","08","Eisenhower Elementary-Middle School",0,"F","Hispanic/Latino",7996614
"2019-2020","08","Eisenhower Elementary-Middle School",0,"F","Asian",1695834
"2019-2020","05","Eisenhower Elementary-Middle School",1,"M","Hispanic/Latino",7516332
"2019-2020","07","Eisenhower Elementary-Middle School",0,"F","Asian",5903800
"2019-2020","03","Eisenhower Elementary-Middle School",0,"M","Black/African American",8346100
"2019-2020","05","Eisenhower Elementary-Middle School",0,"F","Black/African American",3995224
"2019-2020","04","Eisenhower Elementary-Middle School",0,"F","Black/African American",3891902
"2019-2020","05","Eisenhower Elementary-Middle School",0,"F","Asian",1296582
"2019-2020","06","Eisenhower Elementary-Middle School",0,"F","Black/African American",6033787
"2019-2020","03","Eisenhower Elementary-Middle School",0,"F","Black/African American",7857174
"2019-2020","00","Eisenhower Elementary-Middle School",0,"M","Black/African American",9325402
"2019-2020","07","Eisenhower Elementary-Middle School",0,"M","Hispanic/Latino",7281432
"2019-2020","00","Eisenhower Elementary-Middle School",0,"F","Black/African American",2504514
"2019-2020","05","Eisenhower Elementary-Middle School",0,"M","Black/African American",5195549
"2019-2020","08","Eisenhower Elementary-Middle School",0,"F","White",3923371
"2019-2020","03","Eisenhower Elementary-Middle School",0,"M","Black/African American",3340237
"2019-2020","06","Eisenhower Elementary-Middle School",0,"F","White",1631556
"2019-2020","06","Eisenhower Elementary-Middle School",0,"M","Hispanic/Latino",7665131
"2019-2020","04","Eisenhower Elementary-Middle School",0,"F","Black/African American",7492742
"2019-2020","02","Eisenhower Elementary-Middle School",0,"F","Two or More Races",6500672
"2019-2020","01","Eisenhower Elementary-Middle School",0,"M","Asian",8772244
"2019-2020","00","Eisenhower Elementary-Middle School",1,"M","White",5317630
"2019-2020","00","Eisenhower Elementary-Middle School",0,"M","Asian",5095482
"2019-2020","06","Eisenhower Elementary-Middle School",0,"F","White",5726202
"2019-2020","03","Eisenhower Elementary-Middle School",0,"M","Black/African American",6531314
"2019-2020","05","Eisenhower Elementary-Middle School",0,"M","Hispanic/Latino",5219651
"2019-2020","03","Eisenhower Elementary-Middle School",0,"M","Black/African American",9876632
"2019-2020","04","Eisenhower Elementary-Middle School",0,"F","White",8582306
"2019-2020","07","Eisenhower Elementary-Middle School",0,"M","Black/African American",3525749
"2019-2020","07","Eisenhower Elementary-Middle School",0,"M","Hispanic/Latino",9549857
"2019-2020","04","Eisenhower Elementary-Middle School",0,"M","Black/African American",1823373
"2019-2020","06","Eisenhower Elementary-Middle School",0,"F","White",1728059
"2019-2020","04","Eisenhower Elementary-Middle School",0,"M","Black/African American",7829732
"2019-2020","01","Eisenhower Elementary-Middle School",0,"M","Asian",4504045
"2019-2020","07","Eisenhower Elementary-Middle School",0,"F","Black/African American",9990036
"2019-2020","07","Eisenhower Elementary-Middle School",0,"F","Hispanic/Latino",8785924
"2019-2020","04","Eisenhower Elementary-Middle School",0,"M","Black/African American",7024915
"2019-2020","06","Eisenhower Elementary-Middle School",0,"F","Black/African American",4115406
"2019-2020","02","Eisenhower Elementary-Middle School",0,"F","Black/African American",5450717
"2019-2020","08","Eisenhower Elementary-Middle School",0,"F","Black/African American",7572451
"2019-2020","01","Eisenhower Elementary-Middle School",0,"F","Black/African American",9518706
"2019-2020","00","Eisenhower Elementary-Middle School",0,"M","Hispanic/Latino",4601969
"2019-2020","03","Eisenhower Elementary-Middle School",0,"M","Black/African American",1740800
"2019-2020","02","Eisenhower Elementary-Middle School",0,"M","Hispanic/Latino",6383494
"2019-2020","00","Eisenhower Elementary-Middle School",0,"M","Black/African American",4056409
"2019-2020","03","Eisenhower Elementary-Middle School",0,"M","Asian",2332049
"2019-2020","05","Eisenhower Elementary-Middle School",0,"M","White",9078688
"2019-2020","02","Eisenhower Elementary-Middle School",0,"M","Asian",6501678
"2019-2020","00","Eisenhower Elementary-Middle School",0,"M","White",5348606
"2019-2020","08","Eisenhower Elementary-Middle School",0,"F","White",4144296
"2019-2020","06","Eisenhower Elementary-Middle School",0,"F","Black/African American",4970221
"2019-2020","02","Eisenhower Elementary-Middle School",0,"M","White",3184039
"2019-2020","00","Eisenhower Elementary-Middle School",0,"M","Black/African American",7814282
"2019-2020","03","Eisenhower Elementary-Middle School",0,"F","Hispanic/Latino",4414534
"2019-2020","08","Eisenhower Elementary-Middle School",0,"F","Black/African American",1194314
"2019-2020","06","Eisenhower Elementary-Middle School",0,"M","Hispanic/Latino",7299470
"2019-2020","07","Eisenhower Elementary-Middle School",1,"M","Black/African American",3977669
"2019-2020","02","Eisenhower Elementary-Middle School",0,"M","Hispanic/Latino",1555786
"2019-2020","03","Eisenhower Elementary-Middle School",0,"M","Asian",9783017
"2019-2020","01","Eisenhower Elementary-Middle School",0,"F","Hispanic/Latino",3939272
"2019-2020","07","Eisenhower Elementary-Middle School",0,"M","Black/African American",1692376
"2019-2020","00","Eisenhower Elementary-Middle School",0,"M","Asian",3538310
"2019-2020","05","Eisenhower Elementary-Middle School",0,"F","Black/African American",7750743
"2019-2020","01","Eisenhower Elementary-Middle School",0,"M","Hispanic/Latino",2912519
"2019-2020","02","Eisenhower Elementary-Middle School",0,"F","Black/African American",3458871
"2019-2020","02","Eisenhower Elementary-Middle School",0,"M","Black/African American",8577356
"2019-2020","08","Eisenhower Elementary-Middle School",0,"M","Asian",6124137
"2019-2020","07","Eisenhower Elementary-Middle School",0,"M","Hispanic/Latino",4421434
"2019-2020","04","Eisenhower Elementary-Middle School",0,"M","Hispanic/Latino",7762430
"2019-2020","07","Eisenhower Elementary-Middle School",0,"M","Two or More Races",4162579
"2019-2020","01","Eisenhower Elementary-Middle School",0,"M","Black/African American",4935104
"2019-2020","02","Eisenhower Elementary-Middle School",0,"F","Black/African American",3261286
"2019-2020","02","Eisenhower Elementary-Middle School",0,"M","Black/African American",6572753
"2019-2020","06","Eisenhower Elementary-Middle School",0,"F","Hispanic/Latino",6049800
"2019-2020","06","Eisenhower Elementary-Middle School",0,"F","Black/African American",4015931
"2019-2020","02","Eisenhower Elementary-Middle School",0,"M","Hispanic/Latino",4795866
"2019-2020","07","Eisenhower Elementary-Middle School",0,"M","Black/African American",9217499
"2019-2020","04","Eisenhower Elementary-Middle School",0,"F","Hispanic/Latino",5823770
"2019-2020","04","Eisenhower Elementary-Middle School",0,"F","White",3385900
"2019-2020","05","Eisenhower Elementary-Middle School",1,"M","Hispanic/Latino",7234217
"2019-2020","07","Eisenhower Elementary-Middle School",0,"F","Black/African American",5143145
"2019-2020","01","Eisenhower Elementary-Middle School",0,"F","Asian",2867354
"2019-2020","08","Eisenhower Elementary-Middle School",0,"M","Hispanic/Latino",3935374
"2019-2020","04","Eisenhower Elementary-Middle School",0,"M","Hispanic/Latino",2980885
"2019-2020","07","Eisenhower Elementary-Middle School",0,"F","Black/African American",5270186
"2019-2020","05","Eisenhower Elementary-Middle School",0,"M","Hispanic/Latino",7522004
"2019-2020","08","Eisenhower Elementary-Middle School",0,"F","White",3052958
"2019-2020","04","Eisenhower Elementary-Middle School",0,"M","Two or More Races",7692483
"2019-2020","08","Eisenhower Elementary-Middle School",0,"F","Black/African American",1419568
"2019-2020","08","Eisenhower Elementary-Middle School",0,"F","Hispanic/Latino",4684310
"2019-2020","01","Eisenhower Elementary-Middle School",0,"M","Two or More Races",8620326
"2019-2020","00","Eisenhower Elementary-Middle School",0,"F","Black/African American",9804362
"2019-2020","08","Eisenhower Elementary-Middle School",0,"F","Hispanic/Latino",8574045
"2019-2020","04","Eisenhower Elementary-Middle School",0,"F","White",9649145
"2019-2020","06","Eisenhower Elementary-Middle School",0,"M","Black/African American",7722011
"2019-2020","02","Eisenhower Elementary-Middle School",0,"F","Black/African American",2073269
"2019-2020","01","Eisenhower Elementary-Middle School",0,"F","White",7098293
"2019-2020","01","Eisenhower Elementary-Middle School",0,"F","Two or More Races",9402263
"2019-2020","04","Eisenhower Elementary-Middle School",0,"F","Two or More Races",2251108
"2019-2020","03","Eisenhower Elementary-Middle School",0,"F","Black/African American",9430925
"2019-2020","06","Eisenhower Elementary-Middle School",0,"F","Hispanic/Latino",5665890
"2019-2020","08","Eisenhower Elementary-Middle School",0,"F","White",2333928
"2019-2020","05","Eisenhower Elementary-Middle School",0,"F","Black/African American",6409396
"2019-2020","03","Eisenhower Elementary-Middle School",0,"M","Black/African American",9794742
"2019-2020","07","Eisenhower Elementary-Middle School",0,"M","Hispanic/Latino",9863594
"2019-2020","01","Eisenhower Elementary-Middle School",0,"F","Hispanic/Latino",8557172
"2019-2020","01","Eisenhower Elementary-Middle School",0,"F","Black/African American",2241096
"2019-2020","01","Eisenhower Elementary-Middle School",0,"F","Hispanic/Latino",6051764
"2019-2020","03","Eisenhower Elementary-Middle School",0,"F","Two or More Races",4540444
"2019-2020","00","Eisenhower Elementary-Middle School",0,"F","Hispanic/Latino",6143813
"2019-2020","01","Eisenhower Elementary-Middle School",0,"M","Hispanic/Latino",7145004
"2019-2020","06","Eisenhower Elementary-Middle School",0,"M","Black/African American",6391748
"2019-2020","07","Eisenhower Elementary-Middle School",0,"M","Hispanic/Latino",4074818
"2019-2020","04","Eisenhower Elementary-Middle School",0,"F","Black/African American",4093079
"2019-2020","06","Eisenhower Elementary-Middle School",0,"F","Black/African American",3685405
"2019-2020","05","Eisenhower Elementary-Middle School",0,"M","Asian",7513240
"2019-2020","03","Eisenhower Elementary-Middle School",0,"F","Black/African American",7013208
"2019-2020","04","Eisenhower Elementary-Middle School",0,"F","Black/African American",2667633
"2019-2020","02","Eisenhower Elementary-Middle School",0,"F","Hispanic/Latino",2801641
"2019-2020","01","Eisenhower Elementary-Middle School",0,"F","Black/African American",8409638
"2019-2020","04","Eisenhower Elementary-Middle School",0,"M","Black/African American",2263946
"2019-2020","03","Eisenhower Elementary-Middle School",0,"F","Black/African American",9364933
"2019-2020","00","Eisenhower Elementary-Middle School",0,"M","Hispanic/Latino",5555283
"2019-2020","02","Eisenhower Elementary-Middle School",0,"M","Hispanic/Latino",4615723
"2019-2020","01","Eisenhower Elementary-Middle School",0,"M","Black/African American",8817692
"2019-2020","03","Eisenhower Elementary-Middle School",0,"F","Asian",2318991
"2019-2020","03","Eisenhower Elementary-Middle School",0,"F","Asian",3670282
"2019-2020","01","Eisenhower Elementary-Middle School",0,"F","Hispanic/Latino",4204081
"2019-2020","02","Eisenhower Elementary-Middle School",0,"F","Asian",7574058
"2019-2020","04","Eisenhower Elementary-Middle School",0,"F","Black/African American",3822932
"2019-2020","05","Eisenhower Elementary-Middle School",0,"M","Black/African American",4088335
"2019-2020","08","Eisenhower Elementary-Middle School",0,"M","White",9937546
"2019-2020","02","Eisenhower Elementary-Middle School",0,"M","Asian",7628534
"2019-2020","05","Eisenhower Elementary-Middle School",0,"M","Black/African American",8137504
"2019-2020","00","Eisenhower Elementary-Middle School",0,"F","Two or More Races",3522117
"2019-2020","05","Eisenhower Elementary-Middle School",0,"M","Hispanic/Latino",2256515
"2019-2020","06","Eisenhower Elementary-Middle School",0,"M","Hispanic/Latino",4815233
"2019-2020","03","Eisenhower Elementary-Middle School",0,"M","Black/African American",2350761
"2019-2020","03","Eisenhower Elementary-Middle School",0,"M","Black/African American",9244227
"2019-2020","04","Eisenhower Elementary-Middle School",0,"M","White",8742236
"2019-2020","00","Eisenhower Elementary-Middle School",0,"F","Hispanic/Latino",1619677
"2019-2020","02","Eisenhower Elementary-Middle School",0,"F","White",5463463
"2019-2020","00","Eisenhower Elementary-Middle School",0,"F","Two or More Races",7151559
"2019-2020","01","Eisenhower Elementary-Middle School",0,"F","Black/African American",8827095
"2019-2020","01","Eisenhower Elementary-Middle School",0,"F","Black/African American",3403150
"2019-2020","03","Eisenhower Elementary-Middle School",0,"M","Black/African American",8141812
"2019-2020","05","Eisenhower Elementary-Middle School",0,"F","Two or More Races",5562156
"2019-2020","04","Eisenhower Elementary-Middle School",0,"F","Black/African American",2183066
"2019-2020","02","Eisenhower Elementary-Middle School",0,"M","Black/African American",3209556
"2019-2020","00","Eisenhower Elementary-Middle School",0,"M","Hispanic/Latino",3840926
"2019-2020","02","Eisenhower Elementary-Middle School",0,"M","Black/African American",9772500
"2019-2020","02","Eisenhower Elementary-Middle School",0,"F","Hispanic/Latino",1597299
"2019-2020","06","Eisenhower Elementary-Middle School",0,"M","Black/African American",3911400
"2019-2020","08","Eisenhower Elementary-Middle School",0,"M","Hispanic/Latino",1491423
"2019-2020","02","Eisenhower Elementary-Middle School",0,"F","White",5555255
"2019-2020","01","Eisenhower Elementary-Middle School",1,"M","White",9946561
"2019-2020","01","Eisenhower Elementary-Middle School",0,"M","Two or More Races",3409135
"2019-2020","01","Eisenhower Elementary-Middle School",0,"F","White",3165340
"2019-2020","08","Eisenhower Elementary-Middle School",0,"M","White",1686142
"2019-2020","02","Eisenhower Elementary-Middle School",0,"M","Hispanic/Latino",5309973
"2019-2020","04","Eisenhower Elementary-Middle School",0,"M","Hispanic/Latino",2761294
"2019-2020","03","Eisenhower Elementary-Middle School",0,"M","Black/African American",1409445
"2019-2020","02","Eisenhower Elementary-Middle School",0,"M","Two or More Races",2360950
"2019-2020","05","Eisenhower Elementary-Middle School",0,"F","Black/African American",5353298
"2019-2020","08","Eisenhower Elementary-Middle School",1,"F","Hispanic/Latino",1887513
"2019-2020","04","Eisenhower Elementary-Middle School",0,"M","Hispanic/Latino",7746787
"2019-2020","03","Eisenhower Elementary-Middle School",0,"M","White",5948405
"2019-2020","00","Eisenhower Elementary-Middle School",0,"M","Black/African American",6067205
"2019-2020","04","Eisenhower Elementary-Middle School",0,"M","Hispanic/Latino",8400162
"2019-2020","02","Eisenhower Elementary-Middle School",0,"F","Asian",9039032
"2019-2020","08","Eisenhower Elementary-Middle School",0,"F","Black/African American",8100589
"2019-2020","02","Eisenhower Elementary-Middle School",0,"M","Black/African American",3663881
"2019-2020","04","Eisenhower Elementary-Middle School",0,"M","Black/African American",3001381
"2019-2020","06","Eisenhower Elementary-Middle School",0,"M","Hispanic/Latino",1440490
"2019-2020","04","Eisenhower Elementary-Middle School",0,"F","Black/African American",3820833
"2019-2020","02","Eisenhower Elementary-Middle School",0,"M","Black/African American",2588688
"2019-2020","03","Eisenhower Elementary-Middle School",0,"F","Black/African American",5530223
"2019-2020","04","Eisenhower Elementary-Middle School",0,"F","Hispanic/Latino",9240520
"2019-2020","07","Eisenhower Elementary-Middle School",1,"M","Two or More Races",7350117
"2019-2020","05","Eisenhower Elementary-Middle School",0,"F","Hispanic/Latino",2564077
"2019-2020","01","Eisenhower Elementary-Middle School",0,"F","Two or More Races",1333076
"2019-2020","03","Eisenhower Elementary-Middle School",0,"F","Black/African American",4673184
"2019-2020","06","Eisenhower Elementary-Middle School",0,"M","White",5360606
"2019-2020","08","Eisenhower Elementary-Middle School",0,"F","Black/African American",7809044
"2019-2020","01","Eisenhower Elementary-Middle School",0,"F","Two or More Races",2287128
"2019-2020","02","Eisenhower Elementary-Middle School",0,"M","Black/African American",9274409
"2019-2020","07","Eisenhower Elementary-Middle School",0,"F","Black/African American",9836146
"2019-2020","04","Eisenhower Elementary-Middle School",0,"F","Black/African American",2720563
"2019-2020","08","Eisenhower Elementary-Middle School",0,"F","Asian",8019756
"2019-2020","10","Jefferson High School",0,"F","Black/African American",6668330
"2019-2020","10","Jefferson High School",0,"F","Black/African American",2125426
"2019-2020","11","Jefferson High School",0,"F","Asian",8539994
"2019-2020","10","Jefferson High School",0,"M","Black/African American",6068948
"2019-2020","12","Jefferson High School",0,"F","Black/African American",4490821
"2019-2020","11","Jefferson High School",0,"F","White",6445192
"2019-2020","09","Jefferson High School",0,"M","Asian",9743143
"2019-2020","09","Jefferson High School",0,"F","Black/African American",3396100
"2019-2020","11","Jefferson High School",0,"F","Black/African American",3304666
"2019-2020","12","Jefferson High School",0,"M","White",1606155
"2019-2020","09","Jefferson High School",0,"M","Black/African American",5229009
"2019-2020","09","Jefferson High School",0,"M","Two or More Races",6055889
"2019-2020","09","Jefferson High School",0,"F","Black/African American",2264088
"2019-2020","09","Jefferson High School",0,"M","Black/African American",3184260
"2019-2020","09","Jefferson High School",0,"F","Hispanic/Latino",5976275
"2019-2020","12","Jefferson High School",0,"M","White",3501683
"2019-2020","12","Jefferson High School",0,"M","Two or More Races",9635197
"2019-2020","11","Jefferson High School",0,"F","White",5353966
"2019-2020","09","Jefferson High School",0,"F","Asian",9877689
"2019-2020","12","Jefferson High School",0,"M","White",2632151
"2019-2020","09","Jefferson High School",0,"F","Black/African American",6339913
"2019-2020","09","Jefferson High School",0,"F","Hispanic/Latino",2549152
"2019-2020","11","Jefferson High School",0,"M","Two or More Races",9367250
"2019-2020","11","Jefferson High School",0,"M","White",3514947
"2019-2020","09","Jefferson High School",0,"F","Black/African American",7164999
"2019-2020","11","Jefferson High School",0,"F","Black/African American",9442998
"2019-2020","10","Jefferson High School",0,"F","Two or More Races",4368478
"2019-2020","10","Jefferson High School",0,"F","Hispanic/Latino",2810465
"2019-2020","10","Jefferson High School",0,"M","Two or More Races",1282046
"2019-2020","09","Jefferson High School",1,"F","Black/African American",6036552
"2019-2020","09","Jefferson High School",0,"M","Hispanic/Latino",6857460
"2019-2020","10","Jefferson High School",0,"F","Hispanic/Latino",3533790
"2019-2020","09","Jefferson High School",0,"M","Asian",5522517
"2019-2020","09","Jefferson High School",0,"M","Asian",5647555
"2019-2020","11","Jefferson High School",0,"M","White",2559756
"2019-2020","09","Jefferson High School",1,"M","Hispanic/Latino",2259781
"2019-2020","10","Jefferson High School",0,"M","Black/African American",1229050
"2019-2020","09","Jefferson High School",0,"M","Black/African American",9772412
"2019-2020","09","Jefferson High School",0,"F","Asian",6502642
"2019-2020","11","Jefferson High School",0,"F","Hispanic/Latino",6058169
"2019-2020","09","Jefferson High School",0,"F","White",8109085
"2019-2020","09","Jefferson High School",0,"M","Black/African American",1356168
"2019-2020","10","Jefferson High School",0,"F","Black/African American",2767435
"2019-2020","10","Jefferson High School",0,"M","Two or More Races",6755947
"2019-2020","09","Jefferson High School",0,"M","Hispanic/Latino",3828357
"2019-2020","11","Jefferson High School",0,"M","White",8459202
"2019-2020","09","Jefferson High School",0,"M","Black/African American",2157774
"2019-2020","11","Jefferson High School",0,"M","Black/African American",5520611
"2019-2020","10","Jefferson High School",0,"F","Hispanic/Latino",1379443
"2019-2020","09","Jefferson High School",0,"M","Black/African American",8426037
"2019-2020","09","Jefferson High School",0,"F","White",5329515
"2019-2020","09","Jefferson High School",0,"F","White",9067326
"2019-2020","09","Jefferson High School",0,"F","Hispanic/Latino",9528681
"2019-2020","10","Jefferson High School",0,"M","Two or More Races",4788881
"2019-2020","09","Jefferson High School",0,"M","Hispanic/Latino",8811942
"2019-2020","11","Jefferson High School",0,"F","Black/African American",8230982
"2019-2020","10","Jefferson High School",0,"M","Hispanic/Latino",7775006
"2019-2020","10","Jefferson High School",0,"M","Black/African American",7587431
"2019-2020","09","Jefferson High School",0,"F","Black/African American",1562970
"2019-2020","10","Jefferson High School",0,"F","White",3657349
"2019-2020","09","Jefferson High School",0,"F","Two or More Races",6914279
"2019-2020","09","Jefferson High School",0,"M","Black/African American",6319584
"2019-2020","11","Jefferson High School",0,"M","Black/African American",6343002
"2019-2020","12","Jefferson High School",0,"M","Black/African American",5235662
"2019-2020","09","Jefferson High School",0,"M","Black/African American",6469655
"2019-2020","09","Jefferson High School",0,"M","Asian",3520838
"2019-2020","09","Jefferson High School",0,"F","Two or More Races",8996149
"2019-2020","11","Jefferson High School",0,"M","Asian",6839090
"2019-2020","11","Jefferson High School",0,"M","Hispanic/Latino",6075728
"2019-2020","09","Jefferson High School",0,"M","Black/African American",6472400
"2019-2020","09","Jefferson High School",0,"M","Hispanic/Latino",2537623
"2019-2020","09","Jefferson High School",0,"M","White",5436720
"2019-2020","12","Jefferson High School",0,"F","Black/African American",1929205
"2019-2020","12","Jefferson High School",0,"M","Hispanic/Latino",7425495
"2019-2020","11","Jefferson High School",0,"M","Black/African American",3377379
"2019-2020","09","Jefferson High School",0,"M","Asian",1688454
"2019-2020","09","Jefferson High School",0,"M","Asian",4496623
"2019-2020","12","Jefferson High School",0,"M","Asian",8335122
"2019-2020","09","Jefferson High School",0,"M","Black/African American",1927232
"2019-2020","11","Jefferson High School",0,"M","Black/African American",9076624
"2019-2020","10","Jefferson High School",0,"F","Hispanic/Latino",5215884
"2019-2020","11","Jefferson High School",0,"M","Hispanic/Latino",6824126
"2019-2020","10","Jefferson High School",0,"F","Hispanic/Latino",3022498
"2019-2020","10","Jefferson High School",0,"F","White",3650414
"2019-2020","09","Jefferson High School",0,"M","Hispanic/Latino",6526298
"2019-2020","12","Jefferson High School",0,"M","Two or More Races",6176022
"2019-2020","10","Jefferson High School",0,"F","Asian",8058825
"2019-2020","10","Jefferson High School",0,"F","Hispanic/Latino",7283570
"2019-2020","10","Jefferson High School",0,"F","White",1774180
"2019-2020","10","Jefferson High School",0,"F","Black/African American",6510300
"2019-2020","09","Jefferson High School",0,"F","Black/African American",7662081
"2019-2020","09","Jefferson High School",0,"M","Hispanic/Latino",2800676
"2019-2020","09","Jefferson High School",0,"M","Black/African American",8113859
"2019-2020","10","Jefferson High School",0,"F","Hispanic/Latino",6417385
"2019-2020","12","Jefferson High School",0,"M","Black/African American",3870396
"2019-2020","09","Jefferson High School",0,"F","Hispanic/Latino",3988853
"2019-2020","11","Jefferson High School",0,"M","Two or More Races",1492793
"2019-2020","09","Jefferson High School",0,"F","Black/African American",2599824
"2019-2020","09","Jefferson High School",0,"M","Hispanic/Latino",9657793
"2019-2020","12","Jefferson High School",0,"F","Asian",5665221
"2019-2020","10","Jefferson High School",0,"M","Two or More Races",4554857
"2019-2020","12","Jefferson High School",0,"F","Black/African American",6882513
"2019-2020","10","Jefferson High School",0,"F","Hispanic/Latino",7724572
"2019-2020","09","Jefferson High School",0,"M","Hispanic/Latino",6126493
"2019-2020","10","Jefferson High School",0,"M","Black/African American",8689582
"2019-2020","11","Jefferson High School",0,"F","Black/African American",7040108
"2019-2020","09","Jefferson High School",0,"M","Hispanic/Latino",5512957
"2019-2020","12","Jefferson High School",0,"F","Hispanic/Latino",3134571
"2019-2020","11","Jefferson High School",0,"F","Black/African American",4945272
"2019-2020","12","Jefferson High School",0,"M","Asian",4345217
"2019-2020","09","Jefferson High School",0,"M","Black/African American",1143154
"2019-2020","10","Jefferson High School",0,"F","Hispanic/Latino",2048561
"2019-2020","12","Jefferson High School",0,"F","Black/African American",1749800
"2019-2020","11","Jefferson High School",0,"F","Black/African American",5008270
"2019-2020","11","Jefferson High School",0,"F","Asian",2241944
"2019-2020","10","Jefferson High School",0,"F","Black/African American",4308913
"2019-2020","09","Jefferson High School",0,"F","Hispanic/Latino",2180451
"2019-2020","10","Jefferson High School",0,"M","Hispanic/Latino",6490235
"2019-2020","10","Jefferson High School",0,"M","Hispanic/Latino",7456384
"2019-2020","09","Jefferson High School",0,"M","Black/African American",9813463
"2019-2020","09","Jefferson High School",0,"F","Black/African American",2558175
"2019-2020","11","Jefferson High School",0,"F","Black/African American",6513014
"2019-2020","11","Jefferson High School",0,"F","Two or More Races",6671009
"2019-2020","12","Jefferson High School",0,"M","Black/African American",3117047
"2019-2020","11","Jefferson High School",0,"M","White",4432303
"2019-2020","10","Jefferson High School",0,"M","Black/African American",2588332
"2019-2020","09","Jefferson High School",0,"M","Asian",5885668
"2019-2020","11","Jefferson High School",0,"F","Black/African American",6564068
"2019-2020","10","Jefferson High School",0,"M","Black/African American",6691806
"2019-2020","10","Jefferson High School",0,"F","Black/African American",3564839
"2019-2020","09","Jefferson High School",0,"M","White",4471728
"2019-2020","12","Jefferson High School",0,"M","White",1815932
"2019-2020","09","Jefferson High School",0,"F","Black/African American",9386381
"2019-2020","10","Jefferson High School",0,"F","Hispanic/Latino",8149542
"2019-2020","09","Jefferson High School",0,"M","White",6700695
"2019-2020","12","Jefferson High School",0,"F","Black/African American",6017456
"2019-2020","12","Jefferson High School",0,"F","Hispanic/Latino",4816931
"2019-2020","12","Jefferson High School",0,"F","Asian",8532119
"2019-2020","10","Jefferson High School",0,"F","Hispanic/Latino",4198234
"2019-2020","12","Jefferson High School",0,"F","Black/African American",8985844
"2019-2020","09","Jefferson High School",0,"F","Hispanic/Latino",8752462
"2019-2020","09","Jefferson High School",0,"F","Black/African American",3996663
"2019-2020","10","Jefferson High School",0,"F","White",1453454
"2019-2020","12","Jefferson High School",0,"F","Asian",2468668
"2019-2020","10","Jefferson High School",0,"M","Black/African American",4669775
"2019-2020","09","Jefferson High School",0,"F","Black/African American",3154528
"2019-2020","10","Jefferson High School",0,"F","Hispanic/Latino",3311227
"2019-2020","12","Jefferson High School",0,"M","Hispanic/Latino",5119168
"2019-2020","09","Jefferson High School",0,"F","Asian",8089101
"2019-2020","12","Jefferson High School",0,"F","Hispanic/Latino",7992809
"2019-2020","10","Jefferson High School",0,"M","Hispanic/Latino",4265816
"2019-2020","09","Jefferson High School",0,"M","Hispanic/Latino",2945467
"2019-2020","10","Jefferson High School",0,"M","Hispanic/Latino",1426439
"2019-2020","11","Jefferson High School",1,"M","White",5184282
"2019-2020","09","Jefferson High School",0,"M","Black/African American",2794612
"2019-2020","09","Jefferson High School",0,"M","Black/African American",2414729
"2019-2020","09","Jefferson High School",0,"M","Black/African American",8665203
"2019-2020","10","Jefferson High School",0,"F","Black/African American",8953897
"2019-2020","10","Jefferson High School",0,"F","White",8658475
"2019-2020","12","Jefferson High School",0,"M","Hispanic/Latino",5740243
"2019-2020","11","Jefferson High School",0,"M","Hispanic/Latino",4983816
"2019-2020","10","Jefferson High School",0,"F","Two or More Races",3531761
"2019-2020","09","Jefferson High School",0,"F","Hispanic/Latino",1126538
"2019-2020","10","Jefferson High School",0,"F","Asian",4643408
"2019-2020","09","Jefferson High School",0,"F","Hispanic/Latino",2245671
"2019-2020","11","Jefferson High School",0,"M","Black/African American",6366281
"2019-2020","10","Jefferson High School",0,"F","Black/African American",4499455
"2019-2020","10","Jefferson High School",0,"M","White",5507083
"2019-2020","12","Jefferson High School",0,"F","Black/African American",1354048
"2019-2020","10","Jefferson High School",0,"M","Asian",5337690
"2019-2020","09","Jefferson High School",0,"F","Asian",3608727
"2019-2020","10","Jefferson High School",0,"M","Asian",5576497
"2019-2020","10","Jefferson High School",0,"F","Black/African American",5666782
"2019-2020","12","Jefferson High School",0,"M","Hispanic/Latino",9238483
"2019-2020","09","Jefferson High School",0,"F","Two or More Races",8913864
"2019-2020","09","Jefferson High School",0,"M","Black/African American",5366608
"2019-2020","11","Jefferson High School",0,"F","Black/African American",4596665
"2019-2020","10","Jefferson High School",0,"F","Asian",4446494
"2019-2020","09","Jefferson High School",0,"M","Black/African American",6610001
"2019-2020","10","Jefferson High School",0,"F","Hispanic/Latino",4834335
"2019-2020","10","Jefferson High School",0,"F","Asian",9504670
"2019-2020","09","Jefferson High School",0,"M","Black/African American",4027587
"2019-2020","10","Jefferson High School",0,"M","Asian",4553671
"2019-2020","11","Jefferson High School",0,"F","Black/African American",6948577
"2019-2020","10","Jefferson High School",0,"F","Black/African American",9470813
"2019-2020","09","Jefferson High School",0,"F","Black/African American",6550423
"2019-2020","09","Jefferson High School",0,"M","Hispanic/Latino",7284719
"2019-2020","09","Jefferson High School",0,"M","Black/African American",6208753
"2019-2020","10","Jefferson High School",0,"F","Asian",5376635
"2019-2020","12","Jefferson High School",0,"M","White",8248144
"2019-2020","09","Jefferson High School",0,"F","Hispanic/Latino",3725344
"2019-2020","10","Jefferson High School",0,"M","Hispanic/Latino",8530953
"2019-2020","09","Jefferson High School",0,"M","Two or More Races",2280633
"2019-2020","09","Jefferson High School",0,"F","Asian",2375448
"2019-2020","09","Jefferson High School",0,"F","White",4348189
"2019-2020","11","Jefferson High School",0,"F","Black/African American",5271218
"2019-2020","09","Jefferson High School",0,"F","Black/African American",9645714
"2019-2020","10","Jefferson High School",0,"F","White",7061727
"2019-2020","12","Jefferson High School",0,"M","Hispanic/Latino",2960932
"2019-2020","10","Jefferson High School",0,"M","White",6304099
"2019-2020","11","Jefferson High School",0,"F","Two or More Races",9948125
"2019-2020","12","Jefferson High School",0,"F","Hispanic/Latino",4065879
"2019-2020","10","Jefferson High School",0,"F","White",1646348
"2019-2020","10","Jefferson High School",0,"F","Black/African American",2663901
"2019-2020","09","Jefferson High School",0,"F","Black/African American",2139882
"2019-2020","11","Jefferson High School",0,"F","Hispanic/Latino",2651740
"2019-2020","10","Jefferson High School",0,"F","Asian",4463935
"2019-2020","12","Jefferson High School",0,"F","White",5374613
"2019-2020","09","Jefferson High School",0,"M","White",3043846
"2019-2020","10","Jefferson High School",0,"M","White",9422739
"2019-2020","11","Jefferson High School",0,"M","Black/African American",5474237
"2019-2020","10","Jefferson High School",0,"F","Black/African American",6604986
"2019-2020","09","Jefferson High School",0,"M","Asian",5912694
"2019-2020","04","Garfield Elementary-Middle School",0,"M","Black/African American",4034455
"2019-2020","04","Garfield Elementary-Middle School",0,"M","Hispanic/Latino",5499589
"2019-2020","08","Garfield Elementary-Middle School",0,"F","Black/African American",4964562
"2019-2020","03","Garfield Elementary-Middle School",0,"M","Asian",5851233
"2019-2020","06","Garfield Elementary-Middle School",0,"F","White",8151306
"2019-2020","07","Garfield Elementary-Middle School",0,"M","White",5968188
"2019-2020","02","Garfield Elementary-Middle School",0,"M","White",7759860
"2019-2020","07","Garfield Elementary-Middle School",0,"F","Two or More Races",4327452
"2019-2020","04","Garfield Elementary-Middle School",1,"M","Black/African American",4070712
"2019-2020","01","Garfield Elementary-Middle School",0,"M","Black/African American",3487719
"2019-2020","00","Garfield Elementary-Middle School",0,"M","Hispanic/Latino",9457066
"2019-2020","07","Garfield Elementary-Middle School",0,"M","Two or More Races",6809422
"2019-2020","07","Garfield Elementary-Middle School",0,"F","Hispanic/Latino",7741067
"2019-2020","06","Garfield Elementary-Middle School",0,"M","Hispanic/Latino",2682495
"2019-2020","04","Garfield Elementary-Middle School",1,"F","Asian",8304220
"2019-2020","01","Garfield Elementary-Middle School",0,"F","Black/African American",4382651
"2019-2020","07","Garfield Elementary-Middle School",0,"F","Black/African American",2487247
"2019-2020","07","Garfield Elementary-Middle School",0,"M","White",5859248
"2019-2020","08","Garfield Elementary-Middle School",0,"F","Hispanic/Latino",7372888
"2019-2020","08","Garfield Elementary-Middle School",0,"M","Black/African American",1652125
"2019-2020","01","Garfield Elementary-Middle School",0,"M","Black/African American",2605745
"2019-2020","07","Garfield Elementary-Middle School",0,"M","Two or More Races",2164587
"2019-2020","03","Garfield Elementary-Middle School",0,"F","Hispanic/Latino",4350025
"2019-2020","06","Garfield Elementary-Middle School",0,"F","Two or More Races",3563218
"2019-2020","05","Garfield Elementary-Middle School",0,"F","Hispanic/Latino",8896182
"2019-2020","05","Garfield Elementary-Middle School",0,"M","Black/African American",5997736
"2019-2020","03","Garfield Elementary-Middle School",0,"M","Black/African American",5915955
"2019-2020","01","Garfield Elementary-Middle School",0,"M","Black/African American",2779782
"2019-2020","00","Garfield Elementary-Middle School",0,"F","Black/African American",4559730
"2019-2020","08","Garfield Elementary-Middle School",0,"F","Hispanic/Latino",2857351
"2019-2020","06","Garfield Elementary-Middle School",0,"F","Hispanic/Latino",9740097
"2019-2020","03","Garfield Elementary-Middle School",0,"F","White",5715450
"2019-2020","05","Garfield Elementary-Middle School",1,"F","White",6591257
"2019-2020","08","Garfield Elementary-Middle School",0,"F","White",5664129
"2019-2020","07","Garfield Elementary-Middle School",0,"M","Hispanic/Latino",6601465
"2019-2020","06","Garfield Elementary-Middle School",0,"F","Asian",8465839
"2019-2020","03","Garfield Elementary-Middle School",0,"M","Hispanic/Latino",1668480
"2019-2020","00","Garfield Elementary-Middle School",0,"M","Black/African American",8903972
"2019-2020","07","Garfield Elementary-Middle School",1,"F","Hispanic/Latino",7770156
"2019-2020","01","Garfield Elementary-Middle School",0,"F","Hispanic/Latino",5604898
"2019-2020","08","Garfield Elementary-Middle School",0,"M","Two or More Races",6569712
"2019-2020","01","Garfield Elementary-Middle School",0,"F","Two or More Races",8390721
"2019-2020","02","Garfield Elementary-Middle School",0,"F","Hispanic/Latino",7981672
"2019-2020","01","Garfield Elementary-Middle School",0,"F","Hispanic/Latino",1140148
"2019-2020","00","Garfield Elementary-Middle School",0,"M","White",1932945
"2019-2020","04","Garfield Elementary-Middle School",0,"F","Hispanic/Latino",8110407
"2019-2020","00","Garfield Elementary-Middle School",0,"F","Hispanic/Latino",6576312
"2019-2020","05","Garfield Elementary-Middle School",0,"M","Black/African American",6514552
"2019-2020","02","Garfield Elementary-Middle School",0,"F","Hispanic/Latino",3398127
"2019-2020","05","Garfield Elementary-Middle School",0,"M","Black/African American",9576456
"2019-2020","00","Garfield Elementary-Middle School",0,"M","Two or More Races",4040025
"2019-2020","00","Garfield Elementary-Middle School",0,"M","Black/African American",3414196
"2019-2020","00","Garfield Elementary-Middle School",0,"M","Hispanic/Latino",6019663
"2019-2020","02","Garfield Elementary-Middle School",0,"M","Hispanic/Latino",5588062
"2019-2020","03","Garfield Elementary-Middle School",0,"M","Black/African American",1161047
"2019-2020","00","Garfield Elementary-Middle School",0,"F","Asian",6277186
"2019-2020","02","Garfield Elementary-Middle School",0,"M","Black/African American",7168052
"2019-2020","01","Garfield Elementary-Middle School",0,"M","Hispanic/Latino",3164408
"2019-2020","03","Garfield Elementary-Middle School",0,"F","White",4678862
"2019-2020","03","Garfield Elementary-Middle School",0,"F","Hispanic/Latino",6766502
"2019-2020","06","Garfield Elementary-Middle School",0,"M","Black/African American",1951731
"2019-2020","02","Garfield Elementary-Middle School",0,"F","Black/African American",3666663
"2019-2020","08","Garfield Elementary-Middle School",0,"F","White",3224204
"2019-2020","05","Garfield Elementary-Middle School",0,"M","White",5100931
"2019-2020","07","Garfield Elementary-Middle School",0,"M","Black/African American",4331826
"2019-2020","05","Garfield Elementary-Middle School",0,"F","Black/African American",5179952
"2019-2020","07","Garfield Elementary-Middle School",0,"M","Black/African American",3071597
"2019-2020","00","Garfield Elementary-Middle School",0,"F","Hispanic/Latino",8740839
"2019-2020","08","Garfield Elementary-Middle School",1,"M","Black/African American",8497574
"2019-2020","01","Garfield Elementary-Middle School",0,"F","Black/African American",2750411
"2019-2020","06","Garfield Elementary-Middle School",0,"M","Black/African American",5883435
"2019-2020","04","Garfield Elementary-Middle School",0,"F","Asian",1596205
"2019-2020","04","Garfield Elementary-Middle School",0,"M","White",1444978
"2019-2020","05","Garfield Elementary-Middle School",0,"F","Hispanic/Latino",2753503
"2019-2020","01","Garfield Elementary-Middle School",0,"F","Black/African American",3150052
"2019-2020","02","Garfield Elementary-Middle School",0,"M","Two or More Races",2088864
"2019-2020","08","Garfield Elementary-Middle School",0,"M","Black/African American",8344961
"2019-2020","08","Garfield Elementary-Middle School",0,"M","White",6865980
"2019-2020","03","Garfield Elementary-Middle School",0,"F","Black/African American",4281908
"2019-2020","05","Garfield Elementary-Middle School",0,"F","Hispanic/Latino",7393882
"2019-2020","05","Garfield Elementary-Middle School",0,"M","Black/African American",6178914
"2019-2020","01","Garfield Elementary-Middle School",0,"F","Hispanic/Latino",2007962
"2019-2020","02","Garfield Elementary-Middle School",0,"F","White",9175374
"2019-2020","02","Garfield Elementary-Middle School",0,"M","Black/African American",5452161
"2019-2020","05","Garfield Elementary-Middle School",0,"M","Black/African American",4089670
"2019-2020","04","Garfield Elementary-Middle School",0,"M","White",1749203
"2019-2020","08","Garfield Elementary-Middle School",0,"M","Black/African American",1867307
"2019-2020","08","Garfield Elementary-Middle School",0,"M","Two or More Races",7127206
"2019-2020","00","Garfield Elementary-Middle School",0,"M","Hispanic/Latino",6203482
"2019-2020","00","Garfield Elementary-Middle School",0,"F","Asian",7889028
"2019-2020","08","Garfield Elementary-Middle School",0,"F","Two or More Races",8200107
"2019-2020","08","Garfield Elementary-Middle School",0,"F","Asian",1799815
"2019-2020","06","Garfield Elementary-Middle School",0,"M","Black/African American",5772152
"2019-2020","05","Garfield Elementary-Middle School",0,"F","Black/African American",5184307
"2019-2020","02","Garfield Elementary-Middle School",0,"M","Black/African American",9692863
"2019-2020","08","Garfield Elementary-Middle School",0,"F","Hispanic/Latino",8885710
"2019-2020","05","Garfield Elementary-Middle School",0,"M","Asian",7267395
"2019-2020","07","Garfield Elementary-Middle School",0,"M","Two or More Races",3353486
"2019-2020","07","Garfield Elementary-Middle School",0,"M","Hispanic/Latino",5324521
"2019-2020","08","Garfield Elementary-Middle School",1,"F","Black/African American",4931173
"2019-2020","05","Garfield Elementary-Middle School",0,"F","White",4565815
"2019-2020","07","Garfield Elementary-Middle School",0,"F","Hispanic/Latino",5954841
"2019-2020","06","Garfield Elementary-Middle School",0,"F","White",6539532
"2019-2020","03","Garfield Elementary-Middle School",0,"M","White",4553615
"2019-2020","00","Garfield Elementary-Middle School",0,"M","Black/African American",9033158
"2019-2020","02","Garfield Elementary-Middle School",0,"F","Asian",3265923
"2019-2020","04","Garfield Elementary-Middle School",0,"F","Black/African American",7086224
"2019-2020","04","Garfield Elementary-Middle School",0,"F","White",8390465
"2019-2020","00","Garfield Elementary-Middle School",0,"F","Asian",8557092
"2019-2020","03","Garfield Elementary-Middle School",0,"M","Hispanic/Latino",4953168
"2019-2020","02","Garfield Elementary-Middle School",0,"F","Hispanic/Latino",3408715
"2019-2020","07","Garfield Elementary-Middle School",0,"F","Two or More Races",3645477
"2019-2020","03","Garfield Elementary-Middle School",0,"F","Hispanic/Latino",6805630
"2019-2020","04","Garfield Elementary-Middle School",0,"M","Black/African American",1826001
"2019-2020","01","Garfield Elementary-Middle School",0,"F","Hispanic/Latino",2220516
"2019-2020","00","Garfield Elementary-Middle School",0,"F","Hispanic/Latino",2570536
"2019-2020","06","Garfield Elementary-Middle School",0,"M","Asian",9600555
"2019-2020","03","Garfield Elementary-Middle School",0,"M","Black/African American",4599972
"2019-2020","08","Garfield Elementary-Middle School",0,"F","Black/African American",5545146
"2019-2020","05","Garfield Elementary-Middle School",0,"M","White",6968147
"2019-2020","08","Garfield Elementary-Middle School",0,"F","Black/African American",9715863
"2019-2020","05","Garfield Elementary-Middle School",0,"F","Hispanic/Latino",5286688
"2019-2020","03","Garfield Elementary-Middle School",0,"F","White",3632814
"2019-2020","06","Garfield Elementary-Middle School",0,"F","Hispanic/Latino",5790035
"2019-2020","01","Garfield Elementary-Middle School",0,"F","Black/African American",3334584
"2019-2020","04","Garfield Elementary-Middle School",0,"F","Asian",2823816
"2019-2020","02","Garfield Elementary-Middle School",0,"F","Black/African American",2215457
"2019-2020","04","Garfield Elementary-Middle School",0,"F","Black/African American",4525572
"2019-2020","00","Garfield Elementary-Middle School",0,"F","Asian",7071387
"2019-2020","03","Garfield Elementary-Middle School",0,"M","Hispanic/Latino",7534518
"2019-2020","00","Garfield Elementary-Middle School",0,"F","White",1328474
"2019-2020","04","Garfield Elementary-Middle School",0,"M","White",3418129
"2019-2020","02","Garfield Elementary-Middle School",0,"F","Hispanic/Latino",8315904
"2019-2020","03","Garfield Elementary-Middle School",0,"M","Hispanic/Latino",4672489
"2019-2020","01","Garfield Elementary-Middle School",0,"F","Black/African American",5963462
"2019-2020","07","Garfield Elementary-Middle School",0,"F","Hispanic/Latino",3426439
"2019-2020","08","Garfield Elementary-Middle School",0,"F","White",7027950
"2019-2020","02","Garfield Elementary-Middle School",0,"M","White",6034974
"2019-2020","07","Garfield Elementary-Middle School",0,"M","Black/African American",1732264
"2019-2020","07","Garfield Elementary-Middle School",0,"M","White",1706288
"2019-2020","04","Garfield Elementary-Middle School",0,"M","Asian",1990516
"2019-2020","02","Garfield Elementary-Middle School",0,"F","White",2485661
"2019-2020","04","Garfield Elementary-Middle School",0,"M","Hispanic/Latino",3549763
"2019-2020","01","Garfield Elementary-Middle School",0,"F","Hispanic/Latino",8953839
"2019-2020","01","Garfield Elementary-Middle School",0,"F","White",5227432
"2019-2020","04","Garfield Elementary-Middle School",0,"M","Black/African American",7566276
"2019-2020","06","Garfield Elementary-Middle School",0,"M","Black/African American",9843186
"2019-2020","08","Garfield Elementary-Middle School",0,"F","Black/African American",1134787
"2019-2020","05","Garfield Elementary-Middle School",0,"M","Hispanic/Latino",1871709
"2019-2020","01","Garfield Elementary-Middle School",0,"M","Hispanic/Latino",5941316
"2019-2020","03","Garfield Elementary-Middle School",0,"F","White",9011993
"2019-2020","07","Garfield Elementary-Middle School",0,"M","Hispanic/Latino",7393926
"2019-2020","01","Garfield Elementary-Middle School",0,"M","Hispanic/Latino",9747159
"2019-2020","07","Garfield Elementary-Middle School",0,"F","Hispanic/Latino",5325994
"2019-2020","01","Garfield Elementary-Middle School",0,"M","Two or More Races",9348931
"2019-2020","05","Garfield Elementary-Middle School",0,"F","Asian",5590948
"2019-2020","02","Garfield Elementary-Middle School",0,"M","Hispanic/Latino",1471465
"2019-2020","08","Garfield Elementary-Middle School",0,"F","Black/African American",4101607
"2019-2020","03","Garfield Elementary-Middle School",0,"F","Black/African American",6310185
"2019-2020","08","Garfield Elementary-Middle School",0,"M","Black/African American",6122997
"2019-2020","05","Garfield Elementary-Middle School",0,"F","Hispanic/Latino",8600795
"2019-2020","04","Garfield Elementary-Middle School",0,"M","Black/African American",8223193
"2019-2020","07","Garfield Elementary-Middle School",0,"M","Black/African American",3773400
"2019-2020","07","Garfield Elementary-Middle School",0,"M","Two or More Races",1449949
"2019-2020","08","Garfield Elementary-Middle School",0,"M","Hispanic/Latino",9771795
"2019-2020","00","Garfield Elementary-Middle School",0,"M","Asian",8102710
"2019-2020","07","Garfield Elementary-Middle School",0,"M","White",4518965
"2019-2020","06","Garfield Elementary-Middle School",0,"F","Black/African American",5928486
"2019-2020","03","Garfield Elementary-Middle School",0,"F","Hispanic/Latino",2430183
"2019-2020","03","Garfield Elementary-Middle School",0,"F","Hispanic/Latino",9256766
"2019-2020","04","Garfield Elementary-Middle School",0,"M","White",3988002
"2019-2020","08","Garfield Elementary-Middle School",0,"F","White",5236013
"2019-2020","04","Garfield Elementary-Middle School",0,"M","White",6267194
"2019-2020","05","Garfield Elementary-Middle School",0,"F","Black/African American",1146075
"2019-2020","04","Garfield Elementary-Middle School",0,"F","Hispanic/Latino",3474301
"2019-2020","08","Garfield Elementary-Middle School",0,"F","White",3392711
"2019-2020","08","Garfield Elementary-Middle School",0,"F","Black/African American",8782414
"2019-2020","08","Garfield Elementary-Middle School",0,"F","Hispanic/Latino",6549763
"2019-2020","08","Garfield Elementary-Middle School",0,"M","Black/African American",7487538
"2019-2020","08","Garfield Elementary-Middle School",0,"F","Black/African American",3166412
"2019-2020","06","Garfield Elementary-Middle School",0,"M","White",8436357
"2019-2020","07","Garfield Elementary-Middle School",0,"F","White",9146600
"2019-2020","03","Garfield Elementary-Middle School",0,"F","White",3323227
"2019-2020","02","Garfield Elementary-Middle School",0,"M","Hispanic/Latino",1276952
"2019-2020","08","Garfield Elementary-Middle School",0,"F","Black/African American",1420355
"2019-2020","01","Garfield Elementary-Middle School",0,"M","Hispanic/Latino",8929516
"2019-2020","07","Garfield Elementary-Middle School",0,"F","Hispanic/Latino",9089656
"2019-2020","00","Garfield Elementary-Middle School",0,"M","Black/African American",2343977
"2019-2020","01","Garfield Elementary-Middle School",0,"F","White",3359835
"2019-2020","03","Garfield Elementary-Middle School",0,"F","Black/African American",5155836
"2019-2020","07","Garfield Elementary-Middle School",0,"M","Asian",2471353
"2019-2020","08","Garfield Elementary-Middle School",0,"F","Two or More Races",8892064
"2019-2020","08","Garfield Elementary-Middle School",0,"F","Black/African American",7373633
"2019-2020","07","Garfield Elementary-Middle School",0,"M","Two or More Races",2338905
"2019-2020","07","Garfield Elementary-Middle School",0,"M","Asian",7706059
"2019-2020","02","Garfield Elementary-Middle School",0,"F","White",6862576
"2019-2020","05","Garfield Elementary-Middle School",0,"F","White",7446947
"2019-2020","03","Garfield Elementary-Middle School",0,"F","Black/African American",8939711
"2019-2020","02","Garfield Elementary-Middle School",0,"F","Hispanic/Latino",6154614
"2019-2020","03","Garfield Elementary-Middle School",0,"M","Hispanic/Latino",8918248
"2019-2020","00","Garfield Elementary-Middle School",0,"M","Black/African American",8417694
"2019-2020","00","Garfield Elementary-Middle School",0,"M","Black/African American",1869282
"2019-2020","00","Garfield Elementary-Middle School",0,"M","Hispanic/Latino",2648517
"2019-2020","02","Garfield Elementary-Middle School",0,"M","Asian",7839250
"2019-2020","00","Garfield Elementary-Middle School",0,"F","White",7720777
"2019-2020","04","Garfield Elementary-Middle School",0,"F","Black/African American",1371758
"2019-2020","04","Garfield Elementary-Middle School",0,"F","Black/African American",3113808
"2019-2020","04","Garfield Elementary-Middle School",0,"F","Hispanic/Latino",9374233
"2019-2020","00","Garfield Elementary-Middle School",0,"M","White",9794696
"2019-2020","05","Garfield Elementary-Middle School",0,"M","Hispanic/Latino",4068278
"2019-2020","05","Garfield Elementary-Middle School",0,"F","Hispanic/Latino",8931025
"2019-2020","07","Garfield Elementary-Middle School",0,"F","Asian",2111741
"2019-2020","06","Garfield Elementary-Middle School",0,"F","Two or More Races",4934911
"2019-2020","04","Garfield Elementary-Middle School",0,"M","White",8016125
"2019-2020","08","Garfield Elementary-Middle School",0,"F","Black/African American",1126882
"2019-2020","04","Garfield Elementary-Middle School",1,"M","Hispanic/Latino",8243417
"2019-2020","02","Garfield Elementary-Middle School",1,"M","White",2880866
"2019-2020","05","Garfield Elementary-Middle School",0,"M","Black/African American",7249964
"2019-2020","00","Garfield Elementary-Middle School",0,"F","Two or More Races",9405641
"2019-2020","08","Garfield Elementary-Middle School",0,"M","Two or More Races",8822897
"2019-2020","04","Garfield Elementary-Middle School",0,"F","White",1252873
"2019-2020","06","Garfield Elementary-Middle School",0,"F","Hispanic/Latino",4109085
"2019-2020","05","Garfield Elementary-Middle School",0,"M","Black/African American",8480876
"2019-2020","06","Garfield Elementary-Middle School",1,"F","White",3053179
"2019-2020","04","Garfield Elementary-Middle School",0,"F","Two or More Races",7647583
"2019-2020","08","Garfield Elementary-Middle School",0,"M","Black/African American",5629489
"2019-2020","01","Garfield Elementary-Middle School",0,"F","White",7543398
"2019-2020","08","Garfield Elementary-Middle School",0,"F","Hispanic/Latino",8113197
"2019-2020","04","Garfield Elementary-Middle School",0,"F","Black/African American",2353364
"2019-2020","06","Garfield Elementary-Middle School",0,"M","Asian",8895456
"2019-2020","06","Garfield Elementary-Middle School",0,"F","Black/African American",8869794
"2019-2020","01","Garfield Elementary-Middle School",0,"F","Hispanic/Latino",8002978
"2019-2020","01","Garfield Elementary-Middle School",0,"F","Hispanic/Latino",2012761
"2019-2020","07","Garfield Elementary-Middle School",0,"M","Two or More Races",8974883
"2019-2020","06","Garfield Elementary-Middle School",0,"M","Black/African American",9255880
"2019-2020","05","Garfield Elementary-Middle School",0,"F","Black/African American",6270578
"2019-2020","07","Garfield Elementary-Middle School",0,"F","White",2025281
"2019-2020","00","Garfield Elementary-Middle School",0,"F","White",2250591
"2019-2020","08","Garfield Elementary-Middle School",0,"F","Black/African American",3448826
"2019-2020","04","Garfield Elementary-Middle School",0,"M","Hispanic/Latino",8626285
"2019-2020","01","Garfield Elementary-Middle School",0,"F","Hispanic/Latino",2271823
"2019-2020","05","Garfield Elementary-Middle School",0,"M","Black/African American",2714069
"2019-2020","08","Garfield Elementary-Middle School",0,"M","Black/African American",6933453
"2019-2020","01","Garfield Elementary-Middle School",0,"M","Black/African American",1157430
"2019-2020","04","Garfield Elementary-Middle School",0,"F","Hispanic/Latino",7994126
"2019-2020","00","Garfield Elementary-Middle School",0,"F","White",3495323
"2019-2020","06","Garfield Elementary-Middle School",0,"F","Hispanic/Latino",1379871
"2019-2020","02","Garfield Elementary-Middle School",0,"M","White",2131076
"2019-2020","00","Garfield Elementary-Middle School",0,"F","Black/African American",5527757
"2019-2020","00","Garfield Elementary-Middle School",0,"M","Black/African American",9465286
"2019-2020","03","Garfield Elementary-Middle School",1,"F","Black/African American",4783951
"2019-2020","08","Garfield Elementary-Middle School",0,"M","Black/African American",3757240
"2019-2020","08","Garfield Elementary-Middle School",1,"M","Hispanic/Latino",1261321
"2019-2020","03","Garfield Elementary-Middle School",0,"M","Asian",5619839
"2019-2020","08","Garfield Elementary-Middle School",0,"F","Hispanic/Latino",3397465
"2019-2020","08","Garfield Elementary-Middle School",0,"F","Black/African American",4896758
"2019-2020","01","Garfield Elementary-Middle School",0,"M","Asian",5998776
"2019-2020","02","Garfield Elementary-Middle School",0,"M","Hispanic/Latino",1574857
"2019-2020","08","Garfield Elementary-Middle School",0,"M","White",5982968
"2019-2020","07","Garfield Elementary-Middle School",0,"M","Hispanic/Latino",8021481
"2019-2020","00","Garfield Elementary-Middle School",0,"M","Two or More Races",4095006
"2019-2020","07","Garfield Elementary-Middle School",0,"F","Black/African American",3166493
"2019-2020","05","Garfield Elementary-Middle School",0,"F","Black/African American",1354584
"2019-2020","05","Garfield Elementary-Middle School",0,"F","Hispanic/Latino",7533575
"2019-2020","04","Garfield Elementary-Middle School",0,"F","Two or More Races",9744452
"2019-2020","08","Garfield Elementary-Middle School",0,"M","White",4426062
"2019-2020","06","Garfield Elementary-Middle School",0,"M","Two or More Races",6535253
"2019-2020","08","Garfield Elementary-Middle School",0,"M","Hispanic/Latino",6062682
"2019-2020","05","Garfield Elementary-Middle School",0,"F","Black/African American",1133161
"2019-2020","07","Garfield Elementary-Middle School",0,"M","White",8469652
"2019-2020","04","Garfield Elementary-Middle School",0,"F","White",5938495
"2019-2020","08","Garfield Elementary-Middle School",0,"F","Asian",6382263
"2019-2020","05","Garfield Elementary-Middle School",0,"M","Black/African American",2817555
"2019-2020","00","Garfield Elementary-Middle School",0,"M","Hispanic/Latino",8499950
"2019-2020","00","Garfield Elementary-Middle School",0,"M","Two or More Races",4806149
"2019-2020","00","Garfield Elementary-Middle School",0,"M","Hispanic/Latino",3713265
"2019-2020","05","Garfield Elementary-Middle School",0,"F","Black/African American",1604304
"2019-2020","04","Garfield Elementary-Middle School",0,"F","Black/African American",7204117
"2019-2020","08","Garfield Elementary-Middle School",0,"F","Hispanic/Latino",4004478
"2019-2020","04","Garfield Elementary-Middle School",0,"F","Hispanic/Latino",1273600
"2019-2020","00","Garfield Elementary-Middle School",0,"M","Black/African American",3595484
"2019-2020","03","Garfield Elementary-Middle School",0,"F","Hispanic/Latino",9692696
"2019-2020","02","Garfield Elementary-Middle School",0,"F","Hispanic/Latino",2035688
"2019-2020","07","Garfield Elementary-Middle School",0,"M","White",9668800
"2019-2020","04","Garfield Elementary-Middle School",0,"F","Hispanic/Latino",5952449
"2019-2020","08","Garfield Elementary-Middle School",1,"M","Hispanic/Latino",4991052
"2019-2020","08","Garfield Elementary-Middle School",1,"M","Black/African American",1746496
"2019-2020","07","Garfield Elementary-Middle School",0,"F","Two or More Races",8221535
"2019-2020","00","Garfield Elementary-Middle School",0,"M","Two or More Races",3507201
"2019-2020","05","Garfield Elementary-Middle School",1,"F","Hispanic/Latino",7959110
"2019-2020","06","Garfield Elementary-Middle School",1,"M","Black/African American",4743971
"2019-2020","04","Garfield Elementary-Middle School",0,"F","Hispanic/Latino",6990487
"2019-2020","07","Garfield Elementary-Middle School",0,"M","Asian",1778005
"2019-2020","02","Garfield Elementary-Middle School",0,"M","White",8790570
"2019-2020","00","Garfield Elementary-Middle School",0,"M","White",4136526
"2019-2020","05","Garfield Elementary-Middle School",0,"F","Black/African American",6920341
"2019-2020","03","Garfield Elementary-Middle School",0,"F","Black/African American",9952903
"2019-2020","02","Garfield Elementary-Middle School",0,"M","Black/African American",1514434
"2019-2020","08","Garfield Elementary-Middle School",0,"F","Black/African American",8837998
"2019-2020","08","Garfield Elementary-Middle School",0,"F","White",7275313
"2019-2020","04","Garfield Elementary-Middle School",0,"F","White",6405630
"2019-2020","06","Garfield Elementary-Middle School",0,"F","Hispanic/Latino",9730266
"2019-2020","03","Garfield Elementary-Middle School",0,"F","Two or More Races",5983542
"2019-2020","06","Garfield Elementary-Middle School",0,"M","White",4216538
"2019-2020","04","Garfield Elementary-Middle School",0,"M","Black/African American",1365499
"2019-2020","08","Garfield Elementary-Middle School",0,"F","White",6469492
"2019-2020","08","Garfield Elementary-Middle School",0,"F","Two or More Races",5103444
"2019-2020","00","Garfield Elementary-Middle School",0,"M","Black/African American",6785764
"2019-2020","04","Garfield Elementary-Middle School",0,"F","Two or More Races",2793049
"2019-2020","04","Garfield Elementary-Middle School",0,"M","Black/African American",7653087
"2019-2020","03","Garfield Elementary-Middle School",0,"F","White",8269909
"2019-2020","05","Garfield Elementary-Middle School",0,"F","Asian",5378981
"2019-2020","00","Garfield Elementary-Middle School",0,"M","White",6330806
"2019-2020","02","Garfield Elementary-Middle School",0,"M","Hispanic/Latino",5690603
"2019-2020","01","Garfield Elementary-Middle School",0,"F","Asian",1416247
"2019-2020","04","Garfield Elementary-Middle School",0,"M","Black/African American",5145587
"2019-2020","03","Garfield Elementary-Middle School",0,"M","Two or More Races",9235861
"2019-2020","08","Garfield Elementary-Middle School",0,"F","Two or More Races",2985721
"2019-2020","00","Garfield Elementary-Middle School",0,"M","Asian",5957645
"2019-2020","01","Garfield Elementary-Middle School",0,"F","Hispanic/Latino",1235508
"2019-2020","07","Garfield Elementary-Middle School",0,"M","White",5855562
"2019-2020","00","Garfield Elementary-Middle School",0,"F","Hispanic/Latino",4500523
"2019-2020","04","Garfield Elementary-Middle School",0,"M","Hispanic/Latino",6830253
"2019-2020","03","Garfield Elementary-Middle School",0,"F","Asian",4829572
"2019-2020","03","Garfield Elementary-Middle School",0,"M","White",1786001
"2019-2020","00","Garfield Elementary-Middle School",0,"M","Asian",6918262
"2019-2020","07","Garfield Elementary-Middle School",0,"F","Two or More Races",1536453
"2019-2020","02","Garfield Elementary-Middle School",0,"M","Hispanic/Latino",3453668
"2019-2020","08","Garfield Elementary-Middle School",0,"F","Two or More Races",3995626
"2019-2020","01","Garfield Elementary-Middle School",0,"F","Two or More Races",9302548
"2019-2020","06","Garfield Elementary-Middle School",0,"M","Hispanic/Latino",2385247
"2019-2020","03","Garfield Elementary-Middle School",0,"M","Hispanic/Latino",8526014
"2019-2020","03","Garfield Elementary-Middle School",0,"F","Hispanic/Latino",6804420
"2019-2020","08","Garfield Elementary-Middle School",0,"F","Hispanic/Latino",4251047
"2019-2020","08","Garfield Elementary-Middle School",0,"M","White",4023393
"2019-2020","02","Garfield Elementary-Middle School",0,"F","Black/African American",6461490
"2019-2020","03","Garfield Elementary-Middle School",0,"F","Black/African American",1314677
"2019-2020","04","Garfield Elementary-Middle School",0,"F","Hispanic/Latino",9095499
"2019-2020","02","Garfield Elementary-Middle School",0,"M","Black/African American",9067409
"2019-2020","04","Garfield Elementary-Middle School",0,"F","Two or More Races",3673489
"2019-2020","04","Garfield Elementary-Middle School",0,"M","Hispanic/Latino",9853627
"2019-2020","07","Garfield Elementary-Middle School",0,"M","White",7454109
"2019-2020","00","Garfield Elementary-Middle School",0,"M","Hispanic/Latino",1571085
"2019-2020","04","Garfield Elementary-Middle School",0,"F","White",7737094
"2019-2020","08","Garfield Elementary-Middle School",0,"F","Black/African American",4592216
"2019-2020","00","Garfield Elementary-Middle School",0,"F","Black/African American",4946844
"2019-2020","01","Garfield Elementary-Middle School",0,"F","Two or More Races",3434974
"2019-2020","00","Garfield Elementary-Middle School",0,"F","Two or More Races",4100991
"2019-2020","05","Garfield Elementary-Middle School",0,"M","White",4751120
"2019-2020","02","Garfield Elementary-Middle School",0,"M","Black/African American",9032410
"2019-2020","06","Garfield Elementary-Middle School",0,"M","Hispanic/Latino",9350453
"2019-2020","03","Garfield Elementary-Middle School",0,"M","White",5142187
"2019-2020","08","Garfield Elementary-Middle School",0,"M","Hispanic/Latino",6848874
"2019-2020","01","Garfield Elementary-Middle School",0,"F","White",9643756
"2019-2020","00","Garfield Elementary-Middle School",0,"M","Black/African American",3783081
"2019-2020","01","Kennedy Elementary-Middle School",0,"F","White",7098098
"2019-2020","00","Kennedy Elementary-Middle School",0,"F","White",2235075
"2019-2020","01","Kennedy Elementary-Middle School",0,"M","Black/African American",1672734
"2019-2020","03","Kennedy Elementary-Middle School",0,"F","Hispanic/Latino",3238785
"2019-2020","03","Kennedy Elementary-Middle School",0,"M","Black/African American",6244012
"2019-2020","01","Kennedy Elementary-Middle School",0,"F","Asian",8118778
"2019-2020","01","Kennedy Elementary-Middle School",0,"F","Black/African American",3020238
"2019-2020","06","Kennedy Elementary-Middle School",0,"F","White",8916753
"2019-2020","03","Kennedy Elementary-Middle School",0,"F","Two or More Races",4576062
"2019-2020","06","Kennedy Elementary-Middle School",0,"M","Black/African American",5553544
"2019-2020","03","Kennedy Elementary-Middle School",0,"F","Black/African American",1613268
"2019-2020","02","Kennedy Elementary-Middle School",0,"F","Black/African American",9475726
"2019-2020","01","Kennedy Elementary-Middle School",0,"M","Black/African American",9192438
"2019-2020","06","Kennedy Elementary-Middle School",0,"M","White",2809937
"2019-2020","02","Kennedy Elementary-Middle School",0,"M","White",5165371
"2019-2020","00","Kennedy Elementary-Middle School",0,"M","Asian",4396442
"2019-2020","00","Kennedy Elementary-Middle School",0,"M","White",6651295
"2019-2020","03","Kennedy Elementary-Middle School",0,"F","Hispanic/Latino",3185316
"2019-2020","06","Kennedy Elementary-Middle School",0,"F","Black/African American",4254136
"2019-2020","02","Kennedy Elementary-Middle School",0,"F","Hispanic/Latino",4924948
"2019-2020","02","Kennedy Elementary-Middle School",0,"M","Black/African American",1377275
"2019-2020","05","Kennedy Elementary-Middle School",0,"M","Hispanic/Latino",8724327
"2019-2020","04","Kennedy Elementary-Middle School",0,"M","Black/African American",9506329
"2019-2020","06","Kennedy Elementary-Middle School",0,"F","Hispanic/Latino",4052457
"2019-2020","03","Kennedy Elementary-Middle School",0,"F","Hispanic/Latino",1301781
"2019-2020","08","Kennedy Elementary-Middle School",0,"F","Black/African American",3970635
"2019-2020","00","Kennedy Elementary-Middle School",0,"F","Hispanic/Latino",7969103
"2019-2020","07","Kennedy Elementary-Middle School",1,"M","Hispanic/Latino",6772745
"2019-2020","00","Kennedy Elementary-Middle School",0,"F","Hispanic/Latino",2883503
"2019-2020","01","Kennedy Elementary-Middle School",0,"F","Hispanic/Latino",8057105
"2019-2020","04","Kennedy Elementary-Middle School",0,"F","Black/African American",1377911
"2019-2020","04","Kennedy Elementary-Middle School",0,"M","Two or More Races",9534227
"2019-2020","03","Kennedy Elementary-Middle School",1,"M","Hispanic/Latino",7814141
"2019-2020","06","Kennedy Elementary-Middle School",0,"M","White",4037232
"2019-2020","06","Kennedy Elementary-Middle School",0,"F","White",6362791
"2019-2020","03","Kennedy Elementary-Middle School",0,"M","White",3907169
"2019-2020","02","Kennedy Elementary-Middle School",0,"M","Hispanic/Latino",6060092
"2019-2020","03","Kennedy Elementary-Middle School",0,"M","Hispanic/Latino",9947991
"2019-2020","02","Kennedy Elementary-Middle School",0,"M","White",7116634
"2019-2020","01","Kennedy Elementary-Middle School",0,"M","Black/African American",1166291
"2019-2020","00","Kennedy Elementary-Middle School",0,"M","Two or More Races",2141104
"2019-2020","02","Kennedy Elementary-Middle School",0,"M","Black/African American",7190666
"2019-2020","03","Kennedy Elementary-Middle School",0,"F","Two or More Races",6923552
"2019-2020","07","Kennedy Elementary-Middle School",0,"F","Asian",8939205
"2019-2020","01","Kennedy Elementary-Middle School",0,"F","Asian",2337376
"2019-2020","03","Kennedy Elementary-Middle School",0,"M","Black/African American",1332481
"2019-2020","06","Kennedy Elementary-Middle School",0,"M","Hispanic/Latino",9652888
"2019-2020","04","Kennedy Elementary-Middle School",1,"M","Hispanic/Latino",7736325
"2019-2020","00","Kennedy Elementary-Middle School",0,"M","Hispanic/Latino",3938268
"2019-2020","08","Kennedy Elementary-Middle School",0,"M","Two or More Races",9027280
"2019-2020","01","Kennedy Elementary-Middle School",0,"M","Black/African American",8325767
"2019-2020","00","Kennedy Elementary-Middle School",0,"F","Hispanic/Latino",9655525
"2019-2020","04","Kennedy Elementary-Middle School",0,"M","Two or More Races",6713249
"2019-2020","03","Kennedy Elementary-Middle School",0,"M","White",8342216
"2019-2020","05","Kennedy Elementary-Middle School",0,"M","Two or More Races",6814898
"2019-2020","08","Kennedy Elementary-Middle School",0,"M","Two or More Races",4171785
"2019-2020","02","Kennedy Elementary-Middle School",0,"M","Black/African American",5097127
"2019-2020","02","Kennedy Elementary-Middle School",0,"F","Hispanic/Latino",7112626
"2019-2020","08","Kennedy Elementary-Middle School",0,"F","Black/African American",2141739
"2019-2020","00","Kennedy Elementary-Middle School",0,"F","White",7211245
"2019-2020","01","Kennedy Elementary-Middle School",0,"M","Black/African American",5131794
"2019-2020","07","Kennedy Elementary-Middle School",0,"M","Hispanic/Latino",8665630
"2019-2020","04","Kennedy Elementary-Middle School",0,"M","White",7907138
"2019-2020","01","Kennedy Elementary-Middle School",0,"F","Hispanic/Latino",9375046
"2019-2020","02","Kennedy Elementary-Middle School",0,"M","Two or More Races",4848288
"2019-2020","01","Kennedy Elementary-Middle School",0,"M","Two or More Races",4079545
"2019-2020","07","Kennedy Elementary-Middle School",0,"F","Two or More Races",9155122
"2019-2020","02","Kennedy Elementary-Middle School",1,"M","Hispanic/Latino",8868554
"2019-2020","05","Kennedy Elementary-Middle School",0,"M","Hispanic/Latino",2900103
"2019-2020","01","Kennedy Elementary-Middle School",0,"M","Black/African American",4171364
"2019-2020","06","Kennedy Elementary-Middle School",0,"M","Asian",6484049
"2019-2020","04","Kennedy Elementary-Middle School",0,"F","Black/African American",6929263
"2019-2020","07","Kennedy Elementary-Middle School",0,"M","Black/African American",2152111
"2019-2020","04","Kennedy Elementary-Middle School",1,"M","Hispanic/Latino",6539340
"2019-2020","06","Kennedy Elementary-Middle School",0,"F","Black/African American",5111227
"2019-2020","01","Kennedy Elementary-Middle School",0,"F","Asian",7648248
"2019-2020","05","Kennedy Elementary-Middle School",0,"F","Black/African American",2117400
"2019-2020","07","Kennedy Elementary-Middle School",0,"F","Black/African American",9605991
"2019-2020","02","Kennedy Elementary-Middle School",0,"F","Black/African American",7121586
"2019-2020","05","Kennedy Elementary-Middle School",0,"F","Black/African American",1225573
"2019-2020","05","Kennedy Elementary-Middle School",0,"M","White",7016292
"2019-2020","03","Kennedy Elementary-Middle School",0,"F","Hispanic/Latino",7871402
"2019-2020","03","Kennedy Elementary-Middle School",1,"M","Hispanic/Latino",7871134
"2019-2020","03","Kennedy Elementary-Middle School",0,"F","Two or More Races",4000702
"2019-2020","06","Kennedy Elementary-Middle School",0,"F","Black/African American",2520052
"2019-2020","04","Kennedy Elementary-Middle School",0,"M","Asian",7042089
"2019-2020","00","Kennedy Elementary-Middle School",0,"F","White",4909052
"2019-2020","04","Kennedy Elementary-Middle School",0,"M","Black/African American",2492323
"2019-2020","00","Kennedy Elementary-Middle School",0,"M","Two or More Races",6257506
"2019-2020","02","Kennedy Elementary-Middle School",0,"F","Black/African American",4127580
"2019-2020","08","Kennedy Elementary-Middle School",0,"F","Hispanic/Latino",4039319
"2019-2020","05","Kennedy Elementary-Middle School",0,"M","White",3117045
"2019-2020","02","Kennedy Elementary-Middle School",0,"M","Hispanic/Latino",5412677
"2019-2020","05","Kennedy Elementary-Middle School",0,"M","Black/African American",3067646
"2019-2020","06","Kennedy Elementary-Middle School",0,"M","Hispanic/Latino",2916417
"2019-2020","02","Kennedy Elementary-Middle School",0,"M","White",3101729
"2019-2020","00","Kennedy Elementary-Middle School",0,"M","Asian",2462635
"2019-2020","04","Kennedy Elementary-Middle School",0,"F","Black/African American",2884301
"2019-2020","07","Kennedy Elementary-Middle School",0,"M","Black/African American",8791542
"2019-2020","02","Kennedy Elementary-Middle School",0,"F","Black/African American",2269297
"2019-2020","03","Kennedy Elementary-Middle School",0,"F","Black/African American",2759218
"2019-2020","01","Kennedy Elementary-Middle School",0,"F","Hispanic/Latino",2701495
"2019-2020","02","Kennedy Elementary-Middle School",0,"F","White",7862772
"2019-2020","05","Kennedy Elementary-Middle School",0,"M","Black/African American",7431195
"2019-2020","01","Kennedy Elementary-Middle School",0,"M","Hispanic/Latino",4222600
"2019-2020","07","Kennedy Elementary-Middle School",0,"F","Hispanic/Latino",7222090
"2019-2020","02","Kennedy Elementary-Middle School",1,"F","Black/African American",9540524
"2019-2020","05","Kennedy Elementary-Middle School",0,"F","Black/African American",3342867
"2019-2020","02","Kennedy Elementary-Middle School",0,"M","Hispanic/Latino",6431077
"2019-2020","03","Kennedy Elementary-Middle School",0,"M","Hispanic/Latino",7188085
"2019-2020","01","Kennedy Elementary-Middle School",0,"F","White",1455030
"2019-2020","04","Kennedy Elementary-Middle School",0,"M","Asian",1261931
"2019-2020","01","Kennedy Elementary-Middle School",0,"F","Two or More Races",5474270
"2019-2020","01","Kennedy Elementary-Middle School",0,"F","Hispanic/Latino",3824470
"2019-2020","06","Kennedy Elementary-Middle School",0,"F","Two or More Races",4028225
"2019-2020","05","Kennedy Elementary-Middle School",1,"F","Hispanic/Latino",8395822
"2019-2020","04","Kennedy Elementary-Middle School",0,"M","Hispanic/Latino",5705910
"2019-2020","02","Kennedy Elementary-Middle School",0,"F","Black/African American",1612144
"2019-2020","06","Kennedy Elementary-Middle School",0,"F","White",9254486
"2019-2020","02","Kennedy Elementary-Middle School",0,"F","Black/African American",7184634
"2019-2020","01","Kennedy Elementary-Middle School",0,"M","Black/African American",5536995
"2019-2020","02","Kennedy Elementary-Middle School",0,"F","White",9951078
"2019-2020","04","Kennedy Elementary-Middle School",0,"M","Hispanic/Latino",7804405
"2019-2020","05","Kennedy Elementary-Middle School",0,"M","Asian",4654428
"2019-2020","00","Kennedy Elementary-Middle School",0,"M","Two or More Races",6204916
"2019-2020","02","Kennedy Elementary-Middle School",0,"M","Hispanic/Latino",7155988
"2019-2020","03","Kennedy Elementary-Middle School",0,"F","Hispanic/Latino",3338648
"2019-2020","02","Kennedy Elementary-Middle School",0,"M","White",4644314
"2019-2020","05","Kennedy Elementary-Middle School",0,"M","Hispanic/Latino",9549096
"2019-2020","04","Kennedy Elementary-Middle School",1,"M","Black/African American",6417899
"2019-2020","02","Kennedy Elementary-Middle School",0,"M","Hispanic/Latino",3143510
"2019-2020","01","Kennedy Elementary-Middle School",0,"F","Hispanic/Latino",8825162
"2019-2020","03","Kennedy Elementary-Middle School",0,"M","Two or More Races",8573364
"2019-2020","03","Kennedy Elementary-Middle School",0,"M","Black/African American",9907928
"2019-2020","00","Kennedy Elementary-Middle School",0,"F","White",9599868
"2019-2020","08","Kennedy Elementary-Middle School",0,"F","Black/African American",3209455
"2019-2020","07","Kennedy Elementary-Middle School",0,"M","Black/African American",1403627
"2019-2020","00","Kennedy Elementary-Middle School",0,"M","Hispanic/Latino",2057194
"2019-2020","04","Kennedy Elementary-Middle School",0,"M","White",7358225
"2019-2020","05","Kennedy Elementary-Middle School",0,"M","White",5812678
"2019-2020","01","Kennedy Elementary-Middle School",0,"M","Black/African American",6036919
"2019-2020","07","Kennedy Elementary-Middle School",1,"F","Black/African American",7495846
"2019-2020","00","Kennedy Elementary-Middle School",0,"F","Hispanic/Latino",3151086
"2019-2020","04","Kennedy Elementary-Middle School",0,"F","Black/African American",6918784
"2019-2020","02","Kennedy Elementary-Middle School",0,"F","Black/African American",5612793
"2019-2020","04","Kennedy Elementary-Middle School",0,"M","Black/African American",9968843
"2019-2020","02","Kennedy Elementary-Middle School",0,"F","Hispanic/Latino",5361177
"2019-2020","03","Kennedy Elementary-Middle School",0,"M","Hispanic/Latino",8669243
"2019-2020","07","Kennedy Elementary-Middle School",0,"F","Asian",3941280
"2019-2020","02","Kennedy Elementary-Middle School",0,"F","Black/African American",6360300
"2019-2020","05","Kennedy Elementary-Middle School",1,"M","White",4378986
"2019-2020","04","Kennedy Elementary-Middle School",0,"M","Hispanic/Latino",9526563
"2019-2020","01","Kennedy Elementary-Middle School",0,"F","Black/African American",9224681
"2019-2020","05","Kennedy Elementary-Middle School",0,"M","Hispanic/Latino",8269614
"2019-2020","01","Kennedy Elementary-Middle School",0,"M","Hispanic/Latino",5168537
"2019-2020","06","Kennedy Elementary-Middle School",0,"F","Hispanic/Latino",9286397
"2019-2020","01","Kennedy Elementary-Middle School",0,"F","Hispanic/Latino",6291297
"2019-2020","06","Kennedy Elementary-Middle School",1,"F","Hispanic/Latino",7605599
"2019-2020","05","Kennedy Elementary-Middle School",1,"M","Black/African American",5939682
"2019-2020","02","Kennedy Elementary-Middle School",0,"M","Hispanic/Latino",5250660
"2019-2020","08","Kennedy Elementary-Middle School",0,"F","White",2295433
"2019-2020","08","Kennedy Elementary-Middle School",0,"F","Hispanic/Latino",6196710
"2019-2020","06","Kennedy Elementary-Middle School",0,"F","Black/African American",6002305
"2019-2020","06","Kennedy Elementary-Middle School",0,"F","Black/African American",2590306
"2019-2020","01","Kennedy Elementary-Middle School",0,"M","White",4043370
"2019-2020","02","Kennedy Elementary-Middle School",0,"F","Hispanic/Latino",1226190
"2019-2020","03","Kennedy Elementary-Middle School",0,"F","White",6890230
"2019-2020","01","Kennedy Elementary-Middle School",0,"F","Two or More Races",9706457
"2019-2020","01","Kennedy Elementary-Middle School",0,"M","Two or More Races",7215747
"2019-2020","08","Kennedy Elementary-Middle School",0,"F","Hispanic/Latino",2379875
"2019-2020","03","Kennedy Elementary-Middle School",1,"M","Hispanic/Latino",8718976
"2019-2020","01","Kennedy Elementary-Middle School",1,"F","Hispanic/Latino",9681933
"2019-2020","00","Kennedy Elementary-Middle School",0,"M","Black/African American",7394486
"2019-2020","00","Kennedy Elementary-Middle School",0,"F","Black/African American",4766256
"2019-2020","01","Kennedy Elementary-Middle School",0,"M","Black/African American",7339480
"2019-2020","01","Kennedy Elementary-Middle School",0,"M","White",4181503
"2019-2020","02","Kennedy Elementary-Middle School",0,"M","White",2884045
"2019-2020","05","Kennedy Elementary-Middle School",1,"M","White",8072097
"2019-2020","01","Kennedy Elementary-Middle School",0,"M","Black/African American",7340716
"2019-2020","07","Kennedy Elementary-Middle School",0,"M","Black/African American",6005416
"2019-2020","00","Kennedy Elementary-Middle School",0,"M","Black/African American",4923895
"2019-2020","07","Kennedy Elementary-Middle School",0,"M","Hispanic/Latino",2451834
"2019-2020","08","Kennedy Elementary-Middle School",1,"M","Hispanic/Latino",4338962
"2019-2020","01","Kennedy Elementary-Middle School",0,"F","White",7450282
"2019-2020","03","Kennedy Elementary-Middle School",0,"F","Hispanic/Latino",8872236
"2019-2020","01","Kennedy Elementary-Middle School",0,"F","Black/African American",2073491
"2019-2020","04","Kennedy Elementary-Middle School",1,"M","Hispanic/Latino",1590920
"2019-2020","04","Kennedy Elementary-Middle School",0,"M","Two or More Races",8484100
"2019-2020","00","Kennedy Elementary-Middle School",0,"F","Black/African American",5403533
"2019-2020","04","Kennedy Elementary-Middle School",0,"M","Black/African American",9545039
"2019-2020","06","Kennedy Elementary-Middle School",0,"M","Black/African American",6072340
"2019-2020","05","Kennedy Elementary-Middle School",0,"M","Black/African American",1194183
"2019-2020","01","Kennedy Elementary-Middle School",0,"F","Two or More Races",2519342
"2019-2020","01","Kennedy Elementary-Middle School",0,"M","Asian",8878526
"2019-2020","02","Kennedy Elementary-Middle School",0,"M","Hispanic/Latino",1339849
"2019-2020","02","Kennedy Elementary-Middle School",1,"F","Black/African American",1814479
"2019-2020","02","Kennedy Elementary-Middle School",0,"F","Two or More Races",8210113
"2019-2020","02","Kennedy Elementary-Middle School",0,"F","White",1811766
"2019-2020","07","Kennedy Elementary-Middle School",0,"M","Hispanic/Latino",7859065
"2019-2020","06","Kennedy Elementary-Middle School",0,"F","Asian",6401830
"2019-2020","06","Kennedy Elementary-Middle School",0,"F","Hispanic/Latino",7503553
"2019-2020","04","Kennedy Elementary-Middle School",0,"M","Two or More Races",2228223
"2019-2020","00","Kennedy Elementary-Middle School",0,"M","Black/African American",6396700
"2019-2020","00","Kennedy Elementary-Middle School",0,"M","Black/African American",8960014
"2019-2020","01","Kennedy Elementary-Middle School",0,"F","Two or More Races",5279784
"2019-2020","05","Kennedy Elementary-Middle School",0,"F","Hispanic/Latino",4546558
"2019-2020","08","Kennedy Elementary-Middle School",1,"M","Black/African American",1720544
"2019-2020","06","Kennedy Elementary-Middle School",0,"F","White",4359179
"2019-2020","03","Kennedy Elementary-Middle School",0,"M","Black/African American",1601468
"2019-2020","05","Kennedy Elementary-Middle School",0,"M","Hispanic/Latino",2397462
"2019-2020","08","Kennedy Elementary-Middle School",0,"F","Hispanic/Latino",3774824
"2019-2020","01","Kennedy Elementary-Middle School",0,"M","Black/African American",7807389
"2019-2020","01","Kennedy Elementary-Middle School",0,"M","Asian",6485254
"2019-2020","01","Kennedy Elementary-Middle School",0,"M","Black/African American",1631780
"2019-2020","05","Kennedy Elementary-Middle School",0,"F","Two or More Races",3322861
"2019-2020","00","Kennedy Elementary-Middle School",0,"F","Black/African American",7993140
"2019-2020","01","Kennedy Elementary-Middle School",0,"M","Hispanic/Latino",5585661
"2019-2020","02","Kennedy Elementary-Middle School",0,"M","Hispanic/Latino",7096939
"2019-2020","04","Kennedy Elementary-Middle School",0,"M","White",5382823
"2019-2020","03","Kennedy Elementary-Middle School",1,"M","Hispanic/Latino",8010209
"2019-2020","00","Kennedy Elementary-Middle School",0,"M","Hispanic/Latino",2840511
"2019-2020","02","Kennedy Elementary-Middle School",0,"M","Two or More Races",1511706
"2019-2020","06","Kennedy Elementary-Middle School",0,"M","Asian",4589501
"2019-2020","02","Kennedy Elementary-Middle School",0,"M","Black/African American",9482076
"2019-2020","00","Kennedy Elementary-Middle School",0,"M","Black/African American",8314033
"2019-2020","02","Kennedy Elementary-Middle School",0,"M","Black/African American",2559669
"2019-2020","04","Kennedy Elementary-Middle School",0,"F","Black/African American",5443390
"2019-2020","07","Kennedy Elementary-Middle School",0,"F","Black/African American",7610942
"2019-2020","07","Kennedy Elementary-Middle School",0,"M","Black/African American",7010381
"2019-2020","08","Kennedy Elementary-Middle School",1,"M","White",1865930
"2019-2020","07","Kennedy Elementary-Middle School",0,"F","Asian",4004294
"2019-2020","02","Kennedy Elementary-Middle School",0,"M","White",8564920
"2019-2020","00","Kennedy Elementary-Middle School",0,"M","Asian",7869121
"2019-2020","02","Kennedy Elementary-Middle School",0,"M","Hispanic/Latino",4310934
"2019-2020","06","Kennedy Elementary-Middle School",0,"F","Asian",2174857
"2019-2020","01","Kennedy Elementary-Middle School",0,"F","Black/African American",9331937
"2019-2020","03","Kennedy Elementary-Middle School",0,"M","White",1501294
"2019-2020","04","Kennedy Elementary-Middle School",1,"M","Black/African American",3834995
"2019-2020","04","Kennedy Elementary-Middle School",0,"F","White",5246506
"2019-2020","01","Kennedy Elementary-Middle School",0,"M","White",1119131
"2019-2020","06","Kennedy Elementary-Middle School",0,"F","Hispanic/Latino",5643667
"2019-2020","05","Kennedy Elementary-Middle School",0,"F","Black/African American",9845524
"2019-2020","03","Kennedy Elementary-Middle School",0,"F","Hispanic/Latino",7086535
"2019-2020","00","Kennedy Elementary-Middle School",0,"M","Black/African American",4755097
"2019-2020","00","Kennedy Elementary-Middle School",0,"M","Asian",9234115
"2019-2020","04","Kennedy Elementary-Middle School",0,"F","Black/African American",5979048
"2019-2020","08","Kennedy Elementary-Middle School",0,"F","Black/African American",4085056
"2019-2020","05","Kennedy Elementary-Middle School",0,"M","Hispanic/Latino",4233031
"2019-2020","07","Kennedy Elementary-Middle School",0,"F","White",5861126
"2019-2020","07","Kennedy Elementary-Middle School",1,"M","Black/African American",6740967
"2019-2020","01","Kennedy Elementary-Middle School",1,"M","Black/African American",9495616
"2019-2020","06","Kennedy Elementary-Middle School",0,"M","White",6919243
"2019-2020","02","Kennedy Elementary-Middle School",0,"F","Black/African American",6473448
"2019-2020","04","Kennedy Elementary-Middle School",1,"F","White",6781200
"2019-2020","06","Kennedy Elementary-Middle School",0,"F","White",6914491
"2019-2020","04","Kennedy Elementary-Middle School",0,"M","Asian",5593817
"2019-2020","04","Kennedy Elementary-Middle School",0,"F","Black/African American",5680277
"2019-2020","06","Kennedy Elementary-Middle School",0,"M","White",5762445
"2019-2020","02","Kennedy Elementary-Middle School",0,"M","Black/African American",7290487
"2019-2020","02","Kennedy Elementary-Middle School",0,"M","Hispanic/Latino",3380060
"2019-2020","04","Kennedy Elementary-Middle School",0,"F","Black/African American",6586176
"2019-2020","02","Kennedy Elementary-Middle School",0,"M","White",1817020
"2019-2020","04","Kennedy Elementary-Middle School",0,"M","Hispanic/Latino",8526504
"2019-2020","00","Kennedy Elementary-Middle School",0,"M","Hispanic/Latino",1151818
"2019-2020","05","Kennedy Elementary-Middle School",1,"M","Black/African American",4007303
"2019-2020","04","Kennedy Elementary-Middle School",1,"M","Black/African American",4776464
"2019-2020","00","Kennedy Elementary-Middle School",1,"M","Asian",2206695
"2019-2020","01","Kennedy Elementary-Middle School",0,"F","Hispanic/Latino",7645363
"2019-2020","02","Kennedy Elementary-Middle School",1,"F","Black/African American",7197737
"2019-2020","03","Kennedy Elementary-Middle School",0,"F","Black/African American",7960005
"2019-2020","03","Kennedy Elementary-Middle School",0,"F","Two or More Races",6621230
"2019-2020","08","Kennedy Elementary-Middle School",0,"M","Hispanic/Latino",6714436
"2019-2020","01","Kennedy Elementary-Middle School",0,"M","Two or More Races",2672693
"2019-2020","08","Kennedy Elementary-Middle School",1,"F","Hispanic/Latino",2404585
"2019-2020","01","Kennedy Elementary-Middle School",0,"F","White",7182526
"2019-2020","06","Kennedy Elementary-Middle School",1,"M","White",4008276
"2019-2020","01","Kennedy Elementary-Middle School",0,"M","Black/African American",2445046
"2019-2020","05","Kennedy Elementary-Middle School",0,"F","Black/African American",7956559
"2019-2020","05","Kennedy Elementary-Middle School",0,"M","Hispanic/Latino",7034427
"2019-2020","02","Kennedy Elementary-Middle School",0,"F","Hispanic/Latino",7773239
"2019-2020","01","Kennedy Elementary-Middle School",1,"M","White",7830766
"2019-2020","07","Kennedy Elementary-Middle School",1,"F","Hispanic/Latino",7430233
"2019-2020","01","Kennedy Elementary-Middle School",0,"M","Asian",9677723
"2019-2020","07","Kennedy Elementary-Middle School",0,"F","Black/African American",8115820
"2019-2020","02","Kennedy Elementary-Middle School",0,"M","Hispanic/Latino",9804627
"2019-2020","02","Kennedy Elementary-Middle School",0,"M","Hispanic/Latino",2569834
"2019-2020","01","Kennedy Elementary-Middle School",0,"M","Two or More Races",4962598
"2019-2020","07","Kennedy Elementary-Middle School",0,"M","Black/African American",9369726
"2019-2020","02","Kennedy Elementary-Middle School",0,"M","Black/African American",6755415
"2019-2020","00","Kennedy Elementary-Middle School",0,"F","White",7644540
"2019-2020","05","Kennedy Elementary-Middle School",0,"F","Black/African American",5007952
"2019-2020","04","Kennedy Elementary-Middle School",0,"F","Asian",8117323
"2019-2020","00","Kennedy Elementary-Middle School",0,"F","Hispanic/Latino",9116422
"2019-2020","02","Kennedy Elementary-Middle School",0,"F","Hispanic/Latino",7321525
"2019-2020","08","Kennedy Elementary-Middle School",0,"M","Black/African American",3124809
"2019-2020","03","Kennedy Elementary-Middle School",0,"M","Black/African American",4207038
"2019-2020","00","Kennedy Elementary-Middle School",0,"M","Hispanic/Latino",9172635
"2019-2020","06","Kennedy Elementary-Middle School",0,"F","White",9194623
"2019-2020","08","Kennedy Elementary-Middle School",0,"M","Black/African American",3062442
"2019-2020","04","Kennedy Elementary-Middle School",0,"F","Black/African American",1313968
"2019-2020","07","Kennedy Elementary-Middle School",0,"M","White",6031598
"2019-2020","03","Kennedy Elementary-Middle School",0,"M","Hispanic/Latino",4608430
"2019-2020","08","Kennedy Elementary-Middle School",0,"F","Black/African American",6781812
"2019-2020","08","Kennedy Elementary-Middle School",0,"F","Hispanic/Latino",2628130
"2019-2020","01","Kennedy Elementary-Middle School",0,"M","White",4375533
"2019-2020","01","Kennedy Elementary-Middle School",0,"F","White",2214109
"2019-2020","03","Kennedy Elementary-Middle School",0,"F","Black/African American",9481465
"2019-2020","03","Kennedy Elementary-Middle School",0,"M","Black/African American",3264286
"2019-2020","02","Kennedy Elementary-Middle School",1,"F","White",9513856
"2019-2020","03","Kennedy Elementary-Middle School",1,"F","Black/African American",2525439
"2019-2020","04","Kennedy Elementary-Middle School",0,"M","White",7383235
"2019-2020","00","Kennedy Elementary-Middle School",0,"M","Hispanic/Latino",1184458
"2019-2020","05","Kennedy Elementary-Middle School",0,"M","Two or More Races",8798137
"2019-2020","01","Kennedy Elementary-Middle School",0,"M","Black/African American",2035303
"2019-2020","05","Kennedy Elementary-Middle School",0,"M","White",4269608
"2019-2020","03","Kennedy Elementary-Middle School",0,"F","Black/African American",7878238
"2019-2020","01","Kennedy Elementary-Middle School",0,"F","White",9092761
"2019-2020","08","Kennedy Elementary-Middle School",1,"M","Black/African American",4271953
"2019-2020","05","Kennedy Elementary-Middle School",0,"M","Two or More Races",7397038
"2019-2020","05","Kennedy Elementary-Middle School",0,"M","White",1168998
"2019-2020","02","Kennedy Elementary-Middle School",0,"F","Asian",3864253
"2019-2020","02","Kennedy Elementary-Middle School",0,"F","Black/African American",5746844
"2019-2020","02","Kennedy Elementary-Middle School",0,"M","White",6092638
"2019-2020","08","Kennedy Elementary-Middle School",0,"M","White",9527719
"2019-2020","06","Kennedy Elementary-Middle School",0,"M","Hispanic/Latino",7247671
"2019-2020","05","Kennedy Elementary-Middle School",0,"M","White",1394312
"2019-2020","02","Kennedy Elementary-Middle School",0,"M","Asian",4285111
"2019-2020","07","Kennedy Elementary-Middle School",0,"M","Hispanic/Latino",7521814
"2019-2020","05","Kennedy Elementary-Middle School",0,"M","Two or More Races",2448130
"2019-2020","06","Kennedy Elementary-Middle School",0,"F","Asian",3896450
"2019-2020","02","Kennedy Elementary-Middle School",0,"M","Hispanic/Latino",4522326
"2019-2020","06","Kennedy Elementary-Middle School",0,"M","Two or More Races",3222239
"2019-2020","00","Kennedy Elementary-Middle School",0,"M","Two or More Races",6702198
"2019-2020","02","Kennedy Elementary-Middle School",0,"M","Asian",3810414
"2019-2020","04","Kennedy Elementary-Middle School",0,"M","Black/African American",9796446
"2019-2020","08","Kennedy Elementary-Middle School",1,"M","Hispanic/Latino",2870166
"2019-2020","00","Kennedy Elementary-Middle School",0,"F","White",1115059
"2019-2020","00","Kennedy Elementary-Middle School",0,"M","Black/African American",5006113
"2019-2020","00","Kennedy Elementary-Middle School",0,"F","White",2054246
"2019-2020","04","Kennedy Elementary-Middle School",0,"F","White",2392800
"2019-2020","06","Kennedy Elementary-Middle School",0,"F","Black/African American",2616431
"2019-2020","05","Kennedy Elementary-Middle School",1,"M","Asian",8416397
"2019-2020","00","Kennedy Elementary-Middle School",0,"M","Two or More Races",6556232
"2019-2020","02","Kennedy Elementary-Middle School",0,"F","Hispanic/Latino",3549876
"2019-2020","02","Kennedy Elementary-Middle School",0,"M","Hispanic/Latino",3744461
"2019-2020","05","Kennedy Elementary-Middle School",0,"F","Asian",5650931
"2019-2020","01","Kennedy Elementary-Middle School",0,"M","Hispanic/Latino",8262778
"2019-2020","06","Kennedy Elementary-Middle School",0,"M","Two or More Races",1769467
"2019-2020","04","Kennedy Elementary-Middle School",0,"M","Black/African American",3102620
"2019-2020","03","Kennedy Elementary-Middle School",0,"M","Hispanic/Latino",1953624
"2019-2020","01","Kennedy Elementary-Middle School",0,"M","Asian",4911468
"2019-2020","03","Kennedy Elementary-Middle School",0,"F","Hispanic/Latino",6280472
"2019-2020","08","Kennedy Elementary-Middle School",0,"M","Two or More Races",1515229
"2019-2020","04","Kennedy Elementary-Middle School",0,"F","Black/African American",6961561
"2019-2020","08","Kennedy Elementary-Middle School",0,"M","Hispanic/Latino",5541103
"2019-2020","04","Kennedy Elementary-Middle School",0,"F","Hispanic/Latino",3309001
"2019-2020","02","Kennedy Elementary-Middle School",0,"M","White",4483237
"2019-2020","00","Kennedy Elementary-Middle School",0,"M","White",8852680
"2019-2020","05","Kennedy Elementary-Middle School",1,"F","Two or More Races",1912766
"2019-2020","05","Kennedy Elementary-Middle School",1,"F","Black/African American",9717972
"2019-2020","07","Kennedy Elementary-Middle School",1,"F","Black/African American",4758319
"2019-2020","01","Kennedy Elementary-Middle School",0,"F","White",7944357
"2019-2020","02","Kennedy Elementary-Middle School",0,"F","White",4796014
"2019-2020","01","Kennedy Elementary-Middle School",0,"M","White",1574819
"2019-2020","02","Kennedy Elementary-Middle School",0,"M","Black/African American",8325347
"2019-2020","02","Kennedy Elementary-Middle School",0,"M","Black/African American",8377928
"2019-2020","05","Kennedy Elementary-Middle School",0,"F","Black/African American",2309224
"2019-2020","03","Kennedy Elementary-Middle School",0,"F","White",3503514
"2019-2020","03","Kennedy Elementary-Middle School",0,"M","Hispanic/Latino",7698791
"2019-2020","06","Kennedy Elementary-Middle School",0,"F","White",2475100
"2019-2020","07","Kennedy Elementary-Middle School",1,"M","Hispanic/Latino",8881252
"2019-2020","00","Kennedy Elementary-Middle School",0,"M","Asian",4697126
"2019-2020","02","Kennedy Elementary-Middle School",0,"M","Black/African American",4579458
"2019-2020","00","Kennedy Elementary-Middle School",0,"M","Hispanic/Latino",7894004
"2019-2020","07","Kennedy Elementary-Middle School",0,"M","Hispanic/Latino",5757792
"2019-2020","07","Kennedy Elementary-Middle School",0,"M","Black/African American",8025559
"2019-2020","02","Kennedy Elementary-Middle School",0,"M","Asian",7306260
"2019-2020","03","Kennedy Elementary-Middle School",0,"M","Black/African American",2074639
"2019-2020","00","Kennedy Elementary-Middle School",0,"F","Two or More Races",8837217
"2019-2020","01","Kennedy Elementary-Middle School",0,"F","Hispanic/Latino",8719820
"2019-2020","06","Kennedy Elementary-Middle School",0,"M","Hispanic/Latino",2579037
"2019-2020","02","Kennedy Elementary-Middle School",0,"F","Two or More Races",8979733
"2019-2020","06","Kennedy Elementary-Middle School",0,"M","Black/African American",5502198
"2019-2020","04","Kennedy Elementary-Middle School",0,"M","Asian",6192424
"2019-2020","05","Kennedy Elementary-Middle School",0,"F","Asian",5022909
"2019-2020","03","Kennedy Elementary-Middle School",0,"M","Black/African American",7165316
"2019-2020","02","Kennedy Elementary-Middle School",1,"F","Black/African American",3190623
"2019-2020","02","Kennedy Elementary-Middle School",1,"F","White",3574889
"2019-2020","01","Kennedy Elementary-Middle School",0,"F","Hispanic/Latino",9358799
"2019-2020","03","Kennedy Elementary-Middle School",0,"F","Black/African American",4126352
"2019-2020","02","Kennedy Elementary-Middle School",0,"F","White",8028469
"2019-2020","04","Kennedy Elementary-Middle School",0,"M","Black/African American",9462165
"2019-2020","02","Kennedy Elementary-Middle School",1,"M","White",7193537
"2019-2020","03","Kennedy Elementary-Middle School",0,"F","Black/African American",4851794
"2019-2020","02","Kennedy Elementary-Middle School",0,"F","Hispanic/Latino",4754645
"2019-2020","06","Kennedy Elementary-Middle School",0,"M","Hispanic/Latino",1983818
"2019-2020","05","Kennedy Elementary-Middle School",0,"F","Black/African American",2767956
"2019-2020","01","Kennedy Elementary-Middle School",0,"M","Two or More Races",3355845
"2019-2020","01","Kennedy Elementary-Middle School",0,"M","Black/African American",4375416
"2019-2020","02","Kennedy Elementary-Middle School",0,"M","Asian",6600098
"2019-2020","03","Kennedy Elementary-Middle School",0,"M","White",3271312
"2019-2020","01","Kennedy Elementary-Middle School",0,"F","Two or More Races",6878600
"2019-2020","03","Kennedy Elementary-Middle School",0,"F","White",9039330
"2019-2020","00","Kennedy Elementary-Middle School",0,"M","White",4286206
"2019-2020","04","Kennedy Elementary-Middle School",0,"M","Asian",9273263
"2019-2020","03","Kennedy Elementary-Middle School",0,"M","Asian",7589132
"2019-2020","03","Kennedy Elementary-Middle School",0,"F","Black/African American",3595040
"2019-2020","08","Kennedy Elementary-Middle School",0,"F","Black/African American",6067881
"2019-2020","07","Kennedy Elementary-Middle School",0,"F","Hispanic/Latino",5867482
"2019-2020","07","Kennedy Elementary-Middle School",0,"M","Hispanic/Latino",8678427
"2019-2020","08","Kennedy Elementary-Middle School",0,"M","Hispanic/Latino",6510404
"2019-2020","05","Kennedy Elementary-Middle School",0,"M","Hispanic/Latino",6891890
"2019-2020","06","Kennedy Elementary-Middle School",0,"M","Asian",3057672
"2019-2020","00","Kennedy Elementary-Middle School",0,"F","Black/African American",1380328
"2019-2020","06","Kennedy Elementary-Middle School",0,"F","White",5639096
"2019-2020","02","Kennedy Elementary-Middle School",0,"M","Black/African American",6988619
"2019-2020","06","Kennedy Elementary-Middle School",0,"F","Asian",9197199
"2019-2020","03","Kennedy Elementary-Middle School",0,"M","White",7658883
"2019-2020","05","Kennedy Elementary-Middle School",0,"M","Two or More Races",3030685
"2019-2020","02","Kennedy Elementary-Middle School",0,"M","Hispanic/Latino",2107890
"2019-2020","07","Kennedy Elementary-Middle School",0,"M","Black/African American",3464909
"2019-2020","05","Kennedy Elementary-Middle School",0,"M","Hispanic/Latino",5625676
"2019-2020","03","Kennedy Elementary-Middle School",0,"F","Black/African American",6591968
"2019-2020","07","Kennedy Elementary-Middle School",0,"F","Hispanic/Latino",5318222
"2019-2020","04","Kennedy Elementary-Middle School",0,"M","White",9160948
"2019-2020","03","Kennedy Elementary-Middle School",0,"F","White",6413342
"2019-2020","06","Kennedy Elementary-Middle School",0,"F","Hispanic/Latino",9523150
"2019-2020","03","Kennedy Elementary-Middle School",0,"F","Two or More Races",9768209
"2019-2020","05","Kennedy Elementary-Middle School",0,"M","White",4550148
"2019-2020","01","Kennedy Elementary-Middle School",0,"F","White",7095230
"2019-2020","06","Kennedy Elementary-Middle School",0,"F","Hispanic/Latino",4018845
"2019-2020","01","Kennedy Elementary-Middle School",0,"F","Black/African American",3744257
"2019-2020","04","Kennedy Elementary-Middle School",0,"M","Hispanic/Latino",6103575
"2019-2020","08","Kennedy Elementary-Middle School",0,"M","Black/African American",5675176
"2019-2020","00","Kennedy Elementary-Middle School",1,"M","Two or More Races",8643738
"2019-2020","04","Kennedy Elementary-Middle School",0,"M","Black/African American",3301820
"2019-2020","05","Kennedy Elementary-Middle School",0,"F","Two or More Races",6233794
"2019-2020","01","Kennedy Elementary-Middle School",0,"M","White",5993360
"2019-2020","01","Kennedy Elementary-Middle School",0,"M","Hispanic/Latino",4771109
"2019-2020","07","Kennedy Elementary-Middle School",0,"F","Black/African American",7168568
"2019-2020","05","Kennedy Elementary-Middle School",0,"M","White",7678365
"2019-2020","07","Kennedy Elementary-Middle School",0,"F","Hispanic/Latino",5018398
"2019-2020","02","Kennedy Elementary-Middle School",0,"F","White",8542058
"2019-2020","04","Kennedy Elementary-Middle School",0,"M","Two or More Races",4310958
"2019-2020","04","Kennedy Elementary-Middle School",0,"F","Hispanic/Latino",3740493
"2019-2020","05","Kennedy Elementary-Middle School",0,"F","Black/African American",8586570
"2019-2020","02","Kennedy Elementary-Middle School",0,"F","Two or More Races",9388918
"2019-2020","02","Kennedy Elementary-Middle School",0,"F","Black/African American",1358229
"2019-2020","00","Kennedy Elementary-Middle School",0,"M","Black/African American",3278220
"2019-2020","03","Kennedy Elementary-Middle School",0,"F","Hispanic/Latino",8346910
"2019-2020","03","Kennedy Elementary-Middle School",0,"M","Black/African American",2276007
"2019-2020","01","Kennedy Elementary-Middle School",0,"F","Black/African American",3749427
"2019-2020","00","Kennedy Elementary-Middle School",0,"M","Hispanic/Latino",6670618
"2019-2020","08","Kennedy Elementary-Middle School",0,"M","Black/African American",9214458
"2019-2020","03","Kennedy Elementary-Middle School",0,"M","Hispanic/Latino",7312153
"2019-2020","00","Kennedy Elementary-Middle School",1,"F","White",4723272
"2019-2020","06","Kennedy Elementary-Middle School",1,"M","Hispanic/Latino",9452449
"2019-2020","04","Kennedy Elementary-Middle School",0,"F","White",8457756
"2019-2020","01","Kennedy Elementary-Middle School",0,"F","Hispanic/Latino",7830915
"2019-2020","07","Kennedy Elementary-Middle School",0,"F","Two or More Races",9719193
"2019-2020","05","Kennedy Elementary-Middle School",0,"M","Black/African American",6759231
"2019-2020","03","Kennedy Elementary-Middle School",1,"M","Asian",4195284
"2019-2020","01","Kennedy Elementary-Middle School",0,"F","Hispanic/Latino",9536376
"2019-2020","01","Kennedy Elementary-Middle School",0,"F","Hispanic/Latino",1740657
"2019-2020","02","Kennedy Elementary-Middle School",0,"M","Black/African American",3399495
"2019-2020","02","Kennedy Elementary-Middle School",0,"M","Black/African American",8566154
"2019-2020","05","Kennedy Elementary-Middle School",0,"F","Black/African American",5790655
"2019-2020","02","Kennedy Elementary-Middle School",0,"M","Black/African American",8342823
"2019-2020","02","Kennedy Elementary-Middle School",0,"M","Black/African American",7351178
"2019-2020","02","Kennedy Elementary-Middle School",0,"F","Black/African American",6018116
"2019-2020","07","Kennedy Elementary-Middle School",0,"M","Black/African American",6996902
"2019-2020","08","Kennedy Elementary-Middle School",0,"F","Hispanic/Latino",1933985
"2019-2020","00","Kennedy Elementary-Middle School",0,"M","Black/African American",2981076
"2019-2020","00","Kennedy Elementary-Middle School",0,"M","Hispanic/Latino",8669438
"2019-2020","08","Kennedy Elementary-Middle School",0,"F","Black/African American",8256215
"2019-2020","00","Kennedy Elementary-Middle School",0,"F","Two or More Races",8602155
"2019-2020","03","Kennedy Elementary-Middle School",0,"F","Black/African American",5099502
"2019-2020","02","Kennedy Elementary-Middle School",1,"F","White",9847609
"2019-2020","03","Kennedy Elementary-Middle School",0,"F","Hispanic/Latino",8520778
"2019-2020","07","Kennedy Elementary-Middle School",0,"M","Black/African American",2570073
"2019-2020","06","Kennedy Elementary-Middle School",0,"M","Black/African American",7506505
"2019-2020","04","Kennedy Elementary-Middle School",1,"M","Two or More Races",8901074
"2019-2020","05","Kennedy Elementary-Middle School",0,"M","Black/African American",4967331
"2019-2020","07","Kennedy Elementary-Middle School",0,"F","Hispanic/Latino",9233376
"2019-2020","08","Kennedy Elementary-Middle School",0,"F","Hispanic/Latino",5308532
"2019-2020","05","Kennedy Elementary-Middle School",0,"M","Hispanic/Latino",3194023
"2019-2020","07","Kennedy Elementary-Middle School",0,"F","Black/African American",9467524
"2019-2020","02","Kennedy Elementary-Middle School",0,"M","Black/African American",5654487
"2019-2020","05","Kennedy Elementary-Middle School",0,"M","White",9401027
"2019-2020","03","Kennedy Elementary-Middle School",0,"M","Black/African American",5916572
"2019-2020","00","Kennedy Elementary-Middle School",0,"M","Black/African American",7941772
"2019-2020","05","Kennedy Elementary-Middle School",0,"M","White",7242965
"2019-2020","02","Kennedy Elementary-Middle School",0,"F","Hispanic/Latino",6156727
"2019-2020","00","Kennedy Elementary-Middle School",0,"M","Hispanic/Latino",5945259
"2019-2020","03","Kennedy Elementary-Middle School",0,"F","White",2187322
"2019-2020","08","Kennedy Elementary-Middle School",0,"F","White",5696191
"2019-2020","00","Kennedy Elementary-Middle School",0,"F","Hispanic/Latino",2207763
"2019-2020","03","Kennedy Elementary-Middle School",0,"M","Asian",6301746
"2019-2020","07","Kennedy Elementary-Middle School",0,"M","Asian",9447094
"2019-2020","02","Kennedy Elementary-Middle School",0,"M","Asian",6887778
"2019-2020","04","Kennedy Elementary-Middle School",0,"M","Asian",3999051
"2019-2020","02","Kennedy Elementary-Middle School",0,"M","Asian",1144317
"2019-2020","00","Kennedy Elementary-Middle School",0,"F","Hispanic/Latino",7511419
"2019-2020","04","Kennedy Elementary-Middle School",0,"F","White",1690010
"2019-2020","04","Kennedy Elementary-Middle School",0,"F","Black/African American",9515223
"2019-2020","00","Kennedy Elementary-Middle School",1,"M","Black/African American",3877669
"2019-2020","08","Kennedy Elementary-Middle School",0,"M","Black/African American",3843269
"2019-2020","06","Kennedy Elementary-Middle School",0,"M","White",8893186
"2019-2020","04","Kennedy Elementary-Middle School",0,"M","Hispanic/Latino",7903386
"2019-2020","07","Kennedy Elementary-Middle School",0,"M","Black/African American",6189554
"2019-2020","04","Kennedy Elementary-Middle School",0,"F","Black/African American",6207874
"2019-2020","05","Kennedy Elementary-Middle School",0,"F","Black/African American",7173255
"2019-2020","07","Kennedy Elementary-Middle School",0,"M","Hispanic/Latino",2196622
"2019-2020","00","Kennedy Elementary-Middle School",0,"F","Black/African American",1595334
"2019-2020","01","Kennedy Elementary-Middle School",1,"M","Asian",8715124
"2019-2020","03","Kennedy Elementary-Middle School",1,"M","White",5261926
"2019-2020","01","Kennedy Elementary-Middle School",0,"M","Asian",3918145
"2019-2020","06","Kennedy Elementary-Middle School",0,"M","Two or More Races",3051285
"2019-2020","02","Kennedy Elementary-Middle School",0,"M","Black/African American",8519400
"2019-2020","01","Kennedy Elementary-Middle School",0,"F","Black/African American",8905647
"2019-2020","00","Kennedy Elementary-Middle School",0,"M","Hispanic/Latino",8069535
"2019-2020","04","Kennedy Elementary-Middle School",0,"F","Asian",7640845
"2019-2020","01","Kennedy Elementary-Middle School",0,"F","Black/African American",8326387
"2019-2020","02","Kennedy Elementary-Middle School",0,"F","Two or More Races",6032470
"2019-2020","01","Kennedy Elementary-Middle School",0,"M","Hispanic/Latino",3875431
"2019-2020","08","Kennedy Elementary-Middle School",0,"M","Hispanic/Latino",7933330
"2019-2020","05","Kennedy Elementary-Middle School",0,"F","White",3207051
"2019-2020","08","Kennedy Elementary-Middle School",0,"F","Black/African American",1288848
"2019-2020","00","Kennedy Elementary-Middle School",0,"F","Black/African American",7787610
"2019-2020","00","Kennedy Elementary-Middle School",0,"F","Black/African American",7454820
"2019-2020","01","Kennedy Elementary-Middle School",0,"F","Black/African American",5042405
"2019-2020","00","Kennedy Elementary-Middle School",0,"F","Black/African American",4602544
"2019-2020","03","Kennedy Elementary-Middle School",0,"F","Black/African American",9379841
"2019-2020","01","Kennedy Elementary-Middle School",0,"M","Asian",9300828
"2019-2020","03","Kennedy Elementary-Middle School",1,"F","Hispanic/Latino",9636119
"2019-2020","04","Kennedy Elementary-Middle School",0,"M","Black/African American",2364783
"2019-2020","02","Kennedy Elementary-Middle School",0,"M","Black/African American",6404737
"2019-2020","02","Kennedy Elementary-Middle School",0,"M","Asian",5140453
"2019-2020","05","Kennedy Elementary-Middle School",1,"F","Black/African American",3693665
"2019-2020","00","Kennedy Elementary-Middle School",0,"M","Two or More Races",6292519
"2019-2020","02","Kennedy Elementary-Middle School",1,"M","Black/African American",6630897
"2019-2020","06","Kennedy Elementary-Middle School",0,"F","Hispanic/Latino",5159843
"2019-2020","00","Kennedy Elementary-Middle School",0,"M","White",9692370
"2019-2020","02","Kennedy Elementary-Middle School",0,"M","Black/African American",5988112
"2019-2020","01","Kennedy Elementary-Middle School",0,"M","White",3792444
"2019-2020","02","Kennedy Elementary-Middle School",0,"F","Black/African American",8241241
"2019-2020","02","Kennedy Elementary-Middle School",0,"F","White",8428763
"2019-2020","07","Kennedy Elementary-Middle School",1,"M","White",5532096
"2019-2020","07","Kennedy Elementary-Middle School",1,"M","Black/African American",1877099
"2019-2020","02","Kennedy Elementary-Middle School",0,"M","Black/African American",1437354
"2019-2020","00","Kennedy Elementary-Middle School",0,"F","Two or More Races",3332475
"2019-2020","00","Kennedy Elementary-Middle School",0,"F","Hispanic/Latino",5901979
"2019-2020","02","Kennedy Elementary-Middle School",0,"F","Two or More Races",3590197
"2019-2020","05","Kennedy Elementary-Middle School",0,"F","White",1732758
"2019-2020","06","Kennedy Elementary-Middle School",0,"M","Hispanic/Latino",8400470
"2019-2020","05","Kennedy Elementary-Middle School",1,"M","Hispanic/Latino",6677315
"2019-2020","02","Kennedy Elementary-Middle School",1,"M","Hispanic/Latino",5014958
"2019-2020","08","Kennedy Elementary-Middle School",0,"M","Black/African American",1757272
"2019-2020","01","Kennedy Elementary-Middle School",0,"F","Hispanic/Latino",2120165
"2019-2020","02","Kennedy Elementary-Middle School",0,"F","Black/African American",3352609
"2019-2020","00","Kennedy Elementary-Middle School",0,"M","Two or More Races",5833804
"2019-2020","04","Kennedy Elementary-Middle School",0,"F","Black/African American",4727526
"2019-2020","00","Kennedy Elementary-Middle School",0,"M","Black/African American",4274859
"2019-2020","08","Kennedy Elementary-Middle School",0,"F","Hispanic/Latino",2737116
"2019-2020","03","Kennedy Elementary-Middle School",0,"M","Hispanic/Latino",8129555
"2019-2020","03","Kennedy Elementary-Middle School",0,"F","Hispanic/Latino",3618397
"2019-2020","06","Kennedy Elementary-Middle School",1,"M","White",3244276
"2019-2020","01","Kennedy Elementary-Middle School",0,"F","Hispanic/Latino",3056813
"2019-2020","04","Kennedy Elementary-Middle School",0,"M","White",9344475
"2019-2020","06","Kennedy Elementary-Middle School",0,"F","Black/African American",9955667
"2019-2020","01","Kennedy Elementary-Middle School",0,"M","Two or More Races",7248182
"2019-2020","01","Kennedy Elementary-Middle School",0,"M","White",9166170
"2019-2020","07","Kennedy Elementary-Middle School",0,"M","Hispanic/Latino",6092338
"2019-2020","04","Kennedy Elementary-Middle School",0,"M","Asian",7674065
"2019-2020","02","Kennedy Elementary-Middle School",0,"M","Black/African American",9511411
"2019-2020","05","Kennedy Elementary-Middle School",1,"M","Hispanic/Latino",8311166
"2019-2020","02","Kennedy Elementary-Middle School",0,"F","White",7305127
"2019-2020","02","Kennedy Elementary-Middle School",0,"M","Hispanic/Latino",3651415
"2019-2020","05","Kennedy Elementary-Middle School",0,"M","Two or More Races",6986965
"2019-2020","03","Kennedy Elementary-Middle School",0,"M","Asian",9204898
"2019-2020","00","Kennedy Elementary-Middle School",0,"F","Black/African American",5943837
"2019-2020","04","Kennedy Elementary-Middle School",0,"F","Black/African American",9424266
"2019-2020","01","Kennedy Elementary-Middle School",0,"M","Black/African American",1462947
"2019-2020","07","Kennedy Elementary-Middle School",0,"M","Asian",9005050
"2019-2020","03","Kennedy Elementary-Middle School",1,"M","White",1513938
"2019-2020","04","Kennedy Elementary-Middle School",0,"M","Hispanic/Latino",3286412
"2019-2020","01","Kennedy Elementary-Middle School",0,"M","Black/African American",5207753
"2019-2020","05","Kennedy Elementary-Middle School",0,"F","Hispanic/Latino",7891832
"2019-2020","05","Kennedy Elementary-Middle School",1,"F","Two or More Races",5753068
"2019-2020","07","Kennedy Elementary-Middle School",0,"M","White",3656579
"2019-2020","02","Kennedy Elementary-Middle School",0,"F","Black/African American",2152965
"2019-2020","06","Kennedy Elementary-Middle School",1,"F","Black/African American",8082476
"2019-2020","06","Kennedy Elementary-Middle School",0,"F","Asian",6167280
"2019-2020","01","Kennedy Elementary-Middle School",0,"F","Black/African American",6074360
"2019-2020","01","Kennedy Elementary-Middle School",0,"M","Two or More Races",5710584
"2019-2020","00","Kennedy Elementary-Middle School",0,"M","White",2229544
"2019-2020","01","Kennedy Elementary-Middle School",0,"F","Black/African American",5044786
"2019-2020","02","Kennedy Elementary-Middle School",0,"M","White",8664779
"2019-2020","00","Kennedy Elementary-Middle School",0,"F","Asian",4926407
"2019-2020","02","Kennedy Elementary-Middle School",0,"F","Black/African American",9349530
"2019-2020","06","Kennedy Elementary-Middle School",0,"F","Black/African American",9537714
"2019-2020","04","Harding Elementary-Middle School",0,"M","Black/African American",6127822
"2019-2020","00","Harding Elementary-Middle School",0,"M","White",3568709
"2019-2020","08","Harding Elementary-Middle School",0,"M","Black/African American",7902199
"2019-2020","00","Harding Elementary-Middle School",1,"M","White",1700732
"2019-2020","01","Harding Elementary-Middle School",1,"M","White",8623426
"2019-2020","00","Harding Elementary-Middle School",1,"F","Hispanic/Latino",9166920
"2019-2020","07","Harding Elementary-Middle School",0,"F","Black/African American",4416548
"2019-2020","05","Harding Elementary-Middle School",0,"M","Black/African American",3121458
"2019-2020","05","Harding Elementary-Middle School",0,"M","Two or More Races",6768437
"2019-2020","01","Harding Elementary-Middle School",0,"F","Asian",3307693
"2019-2020","07","Harding Elementary-Middle School",0,"M","Two or More Races",4541644
"2019-2020","07","Harding Elementary-Middle School",0,"M","Asian",4865017
"2019-2020","02","Harding Elementary-Middle School",0,"M","Hispanic/Latino",3746223
"2019-2020","00","Harding Elementary-Middle School",0,"M","White",2198400
"2019-2020","06","Harding Elementary-Middle School",0,"F","Two or More Races",7984531
"2019-2020","08","Harding Elementary-Middle School",1,"F","White",2780700
"2019-2020","05","Harding Elementary-Middle School",0,"M","Asian",4250449
"2019-2020","03","Harding Elementary-Middle School",1,"M","Black/African American",1994164
"2019-2020","03","Harding Elementary-Middle School",0,"F","Black/African American",1683910
"2019-2020","00","Harding Elementary-Middle School",1,"F","White",7121613
"2019-2020","07","Harding Elementary-Middle School",0,"F","White",2902022
"2019-2020","01","Harding Elementary-Middle School",0,"M","Black/African American",7529529
"2019-2020","00","Harding Elementary-Middle School",0,"M","Hispanic/Latino",3060296
"2019-2020","03","Harding Elementary-Middle School",1,"M","White",1332229
"2019-2020","00","Harding Elementary-Middle School",0,"F","Two or More Races",8316028
"2019-2020","01","Harding Elementary-Middle School",0,"M","Black/African American",7916519
"2019-2020","04","Harding Elementary-Middle School",0,"F","White",9007772
"2019-2020","01","Harding Elementary-Middle School",0,"F","Hispanic/Latino",1378850
"2019-2020","01","Harding Elementary-Middle School",0,"M","Black/African American",8566744
"2019-2020","06","Harding Elementary-Middle School",0,"M","Hispanic/Latino",9614910
"2019-2020","03","Harding Elementary-Middle School",1,"M","White",1932955
"2019-2020","02","Harding Elementary-Middle School",0,"M","White",7381679
"2019-2020","01","Harding Elementary-Middle School",0,"M","Asian",9349339
"2019-2020","07","Harding Elementary-Middle School",1,"M","Black/African American",9992853
"2019-2020","05","Harding Elementary-Middle School",0,"F","Asian",2648542
"2019-2020","02","Harding Elementary-Middle School",0,"M","Asian",7393367
"2019-2020","04","Harding Elementary-Middle School",0,"F","Asian",9595158
"2019-2020","00","Harding Elementary-Middle School",0,"M","Hispanic/Latino",9138613
"2019-2020","03","Harding Elementary-Middle School",0,"F","Black/African American",4327203
"2019-2020","07","Harding Elementary-Middle School",0,"F","Hispanic/Latino",2161974
"2019-2020","02","Harding Elementary-Middle School",0,"M","Black/African American",2012926
"2019-2020","05","Harding Elementary-Middle School",0,"F","Hispanic/Latino",4229940
"2019-2020","07","Harding Elementary-Middle School",0,"M","Hispanic/Latino",6226574
"2019-2020","08","Harding Elementary-Middle School",0,"M","Hispanic/Latino",4232988
"2019-2020","06","Harding Elementary-Middle School",0,"M","White",7445099
"2019-2020","04","Harding Elementary-Middle School",0,"F","Black/African American",8987931
"2019-2020","07","Harding Elementary-Middle School",0,"F","Hispanic/Latino",8975849
"2019-2020","04","Harding Elementary-Middle School",0,"M","Black/African American",3592112
"2019-2020","08","Harding Elementary-Middle School",0,"F","White",3919498
"2019-2020","04","Harding Elementary-Middle School",0,"M","Black/African American",5143014
"2019-2020","02","Harding Elementary-Middle School",0,"M","Hispanic/Latino",6500521
"2019-2020","00","Harding Elementary-Middle School",0,"F","White",3677413
"2019-2020","05","Harding Elementary-Middle School",0,"F","Black/African American",2752089
"2019-2020","08","Harding Elementary-Middle School",0,"F","White",7949777
"2019-2020","06","Harding Elementary-Middle School",0,"F","Hispanic/Latino",1658382
"2019-2020","08","Harding Elementary-Middle School",0,"F","Black/African American",4871155
"2019-2020","07","Harding Elementary-Middle School",0,"M","White",7883672
"2019-2020","05","Harding Elementary-Middle School",0,"M","Black/African American",3186525
"2019-2020","06","Harding Elementary-Middle School",1,"M","White",2314188
"2019-2020","00","Harding Elementary-Middle School",0,"M","White",7902014
"2019-2020","04","Harding Elementary-Middle School",0,"M","Asian",7788968
"2019-2020","03","Harding Elementary-Middle School",0,"M","Asian",1655959
"2019-2020","05","Harding Elementary-Middle School",0,"F","Black/African American",6448262
"2019-2020","06","Harding Elementary-Middle School",0,"M","Asian",5590992
"2019-2020","01","Harding Elementary-Middle School",0,"M","Hispanic/Latino",6103362
"2019-2020","00","Harding Elementary-Middle School",0,"F","Hispanic/Latino",8424044
"2019-2020","08","Harding Elementary-Middle School",0,"F","Hispanic/Latino",6371224
"2019-2020","04","Harding Elementary-Middle School",0,"F","Black/African American",1408499
"2019-2020","07","Harding Elementary-Middle School",0,"F","Black/African American",8837745
"2019-2020","04","Harding Elementary-Middle School",0,"F","White",1541215
"2019-2020","02","Harding Elementary-Middle School",0,"M","Hispanic/Latino",4456286
"2019-2020","06","Harding Elementary-Middle School",0,"F","Black/African American",3965830
"2019-2020","08","Harding Elementary-Middle School",0,"F","Black/African American",6532007
"2019-2020","03","Harding Elementary-Middle School",0,"M","Black/African American",7949639
"2019-2020","01","Harding Elementary-Middle School",0,"M","White",8955227
"2019-2020","06","Harding Elementary-Middle School",0,"M","Black/African American",5012906
"2019-2020","00","Harding Elementary-Middle School",0,"M","Hispanic/Latino",3785500
"2019-2020","06","Harding Elementary-Middle School",0,"F","White",8247289
"2019-2020","04","Harding Elementary-Middle School",0,"F","White",6571720
"2019-2020","05","Harding Elementary-Middle School",0,"F","White",8228941
"2019-2020","01","Harding Elementary-Middle School",0,"F","Hispanic/Latino",4181778
"2019-2020","01","Harding Elementary-Middle School",0,"F","Hispanic/Latino",2790334
"2019-2020","03","Harding Elementary-Middle School",0,"M","Black/African American",7059080
"2019-2020","05","Harding Elementary-Middle School",0,"M","White",9068922
"2019-2020","08","Harding Elementary-Middle School",0,"M","Asian",5328998
"2019-2020","03","Harding Elementary-Middle School",1,"F","Hispanic/Latino",9731299
"2019-2020","06","Harding Elementary-Middle School",0,"F","White",5988528
"2019-2020","02","Harding Elementary-Middle School",0,"F","Black/African American",4297488
"2019-2020","00","Harding Elementary-Middle School",0,"M","Black/African American",4044667
"2019-2020","06","Harding Elementary-Middle School",0,"M","White",9519487
"2019-2020","06","Harding Elementary-Middle School",1,"F","White",9824681
"2019-2020","00","Harding Elementary-Middle School",0,"F","Hispanic/Latino",8158591
"2019-2020","05","Harding Elementary-Middle School",0,"F","Hispanic/Latino",7259429
"2019-2020","06","Harding Elementary-Middle School",0,"F","Black/African American",7026781
"2019-2020","08","Harding Elementary-Middle School",0,"F","Hispanic/Latino",3349311
"2019-2020","00","Harding Elementary-Middle School",0,"F","Two or More Races",1111748
"2019-2020","02","Harding Elementary-Middle School",0,"F","Two or More Races",2032422
"2019-2020","01","Harding Elementary-Middle School",0,"M","Asian",7058191
"2019-2020","04","Harding Elementary-Middle School",0,"M","Two or More Races",7102401
"2019-2020","08","Harding Elementary-Middle School",0,"M","Black/African American",5757001
"2019-2020","03","Harding Elementary-Middle School",0,"F","White",4428263
"2019-2020","05","Harding Elementary-Middle School",0,"F","Asian",5737708
"2019-2020","07","Harding Elementary-Middle School",0,"M","White",3407977
"2019-2020","03","Harding Elementary-Middle School",0,"F","White",9052690
"2019-2020","08","Harding Elementary-Middle School",0,"F","Hispanic/Latino",7917138
"2019-2020","06","Harding Elementary-Middle School",1,"M","Two or More Races",8463245
"2019-2020","07","Harding Elementary-Middle School",0,"F","Hispanic/Latino",4030739
"2019-2020","00","Harding Elementary-Middle School",1,"F","Black/African American",6740780
"2019-2020","06","Harding Elementary-Middle School",0,"F","Hispanic/Latino",2925735
"2019-2020","05","Harding Elementary-Middle School",0,"F","Black/African American",5207154
"2019-2020","07","Harding Elementary-Middle School",0,"F","Hispanic/Latino",1411814
"2019-2020","08","Harding Elementary-Middle School",0,"M","Hispanic/Latino",8564170
"2019-2020","03","Harding Elementary-Middle School",0,"M","Asian",5626212
"2019-2020","02","Harding Elementary-Middle School",0,"M","White",4352308
"2019-2020","05","Harding Elementary-Middle School",0,"M","Hispanic/Latino",2271573
"2019-2020","08","Harding Elementary-Middle School",0,"M","White",6296804
"2019-2020","01","Harding Elementary-Middle School",0,"M","Hispanic/Latino",2918924
"2019-2020","04","Harding Elementary-Middle School",0,"M","Two or More Races",2400986
"2019-2020","08","Harding Elementary-Middle School",0,"F","Black/African American",8182459
"2019-2020","00","Harding Elementary-Middle School",0,"F","Black/African American",8520795
"2019-2020","06","Harding Elementary-Middle School",0,"M","Asian",8970143
"2019-2020","07","Harding Elementary-Middle School",0,"F","White",2700377
"2019-2020","02","Harding Elementary-Middle School",1,"M","Hispanic/Latino",4850268
"2019-2020","06","Harding Elementary-Middle School",1,"M","Hispanic/Latino",7037899
"2019-2020","01","Harding Elementary-Middle School",0,"M","Black/African American",4449424
"2019-2020","03","Harding Elementary-Middle School",0,"F","Hispanic/Latino",5681885
"2019-2020","08","Harding Elementary-Middle School",0,"M","Black/African American",6184364
"2019-2020","00","Harding Elementary-Middle School",0,"F","Black/African American",1321318
"2019-2020","05","Harding Elementary-Middle School",0,"F","Hispanic/Latino",4003061
"2019-2020","04","Harding Elementary-Middle School",0,"F","Black/African American",9702861
"2019-2020","05","Harding Elementary-Middle School",1,"M","Hispanic/Latino",4739419
"2019-2020","06","Harding Elementary-Middle School",0,"M","White",4327239
"2019-2020","08","Harding Elementary-Middle School",1,"M","White",3898257
"2019-2020","01","Harding Elementary-Middle School",0,"F","White",2475273
"2019-2020","01","Harding Elementary-Middle School",0,"M","White",5638979
"2019-2020","02","Harding Elementary-Middle School",1,"M","Black/African American",3584147
"2019-2020","06","Harding Elementary-Middle School",0,"M","White",2686500
"2019-2020","04","Harding Elementary-Middle School",0,"F","Black/African American",8372829
"2019-2020","01","Harding Elementary-Middle School",1,"F","Hispanic/Latino",4148993
"2019-2020","02","Harding Elementary-Middle School",0,"M","Hispanic/Latino",5171543
"2019-2020","01","Harding Elementary-Middle School",0,"M","Black/African American",3913743
"2019-2020","03","Harding Elementary-Middle School",0,"F","Two or More Races",3363571
"2019-2020","03","Harding Elementary-Middle School",0,"F","Black/African American",4583977
"2019-2020","04","Harding Elementary-Middle School",0,"F","Black/African American",5561106
"2019-2020","04","Harding Elementary-Middle School",0,"F","Hispanic/Latino",3251275
"2019-2020","04","Harding Elementary-Middle School",0,"F","Two or More Races",3925739
"2019-2020","07","Harding Elementary-Middle School",1,"F","White",1875695
"2019-2020","07","Harding Elementary-Middle School",0,"M","Black/African American",2304172
"2019-2020","07","Harding Elementary-Middle School",0,"M","White",1609368
"2019-2020","04","Harding Elementary-Middle School",1,"F","Two or More Races",5333766
"2019-2020","07","Harding Elementary-Middle School",0,"M","Black/African American",7744049
"2019-2020","01","Harding Elementary-Middle School",0,"F","Hispanic/Latino",8732618
"2019-2020","04","Harding Elementary-Middle School",0,"M","Black/African American",6709702
"2019-2020","08","Harding Elementary-Middle School",0,"M","Hispanic/Latino",5907929
"2019-2020","04","Harding Elementary-Middle School",0,"F","Hispanic/Latino",1230782
"2019-2020","04","Harding Elementary-Middle School",0,"M","Black/African American",8104972
"2019-2020","08","Harding Elementary-Middle School",0,"M","Hispanic/Latino",6400174
"2019-2020","04","Harding Elementary-Middle School",0,"M","Hispanic/Latino",8284546
"2019-2020","04","Harding Elementary-Middle School",0,"M","Black/African American",6549674
"2019-2020","02","Harding Elementary-Middle School",0,"M","Asian",4542871
"2019-2020","00","Harding Elementary-Middle School",0,"M","Hispanic/Latino",4321774
"2019-2020","02","Harding Elementary-Middle School",0,"M","Hispanic/Latino",5963182
"2019-2020","04","Harding Elementary-Middle School",0,"M","Black/African American",8605702
"2019-2020","07","Harding Elementary-Middle School",0,"M","Two or More Races",2937634
"2019-2020","02","Harding Elementary-Middle School",0,"F","Asian",1325726
"2019-2020","01","Harding Elementary-Middle School",0,"M","Two or More Races",4187245
"2019-2020","00","Harding Elementary-Middle School",0,"F","Two or More Races",4439725
"2019-2020","01","Harding Elementary-Middle School",0,"F","Black/African American",4871206
"2019-2020","08","Harding Elementary-Middle School",0,"F","Black/African American",3996141
"2019-2020","02","Harding Elementary-Middle School",0,"F","Asian",8708965
"2019-2020","02","Harding Elementary-Middle School",1,"M","Black/African American",4363872
"2019-2020","02","Harding Elementary-Middle School",0,"M","White",8989305
"2019-2020","05","Harding Elementary-Middle School",0,"M","Hispanic/Latino",9584360
"2019-2020","08","Harding Elementary-Middle School",0,"M","Hispanic/Latino",6889925
"2019-2020","03","Harding Elementary-Middle School",0,"F","White",2170137
"2019-2020","00","Harding Elementary-Middle School",1,"M","Asian",3924614
"2019-2020","00","Harding Elementary-Middle School",0,"F","Black/African American",6929623
"2019-2020","06","Harding Elementary-Middle School",0,"F","Hispanic/Latino",5205480
"2019-2020","03","Harding Elementary-Middle School",1,"M","White",7210939
"2019-2020","08","Harding Elementary-Middle School",0,"M","Asian",4224513
"2019-2020","06","Harding Elementary-Middle School",0,"M","Hispanic/Latino",1511823
"2019-2020","01","Harding Elementary-Middle School",0,"F","Hispanic/Latino",9370850
"2019-2020","06","Harding Elementary-Middle School",0,"F","Two or More Races",3037607
"2019-2020","02","Harding Elementary-Middle School",0,"M","Black/African American",4848765
"2019-2020","03","Harding Elementary-Middle School",0,"F","Black/African American",3637563
"2019-2020","00","Harding Elementary-Middle School",0,"M","Black/African American",3058016
"2019-2020","02","Harding Elementary-Middle School",0,"M","White",9555359
"2019-2020","08","Harding Elementary-Middle School",0,"F","White",4582568
"2019-2020","08","Harding Elementary-Middle School",1,"M","Hispanic/Latino",4526916
"2019-2020","01","Harding Elementary-Middle School",1,"M","Hispanic/Latino",8577535
"2019-2020","00","Harding Elementary-Middle School",0,"M","Black/African American",6214716
"2019-2020","05","Harding Elementary-Middle School",0,"F","Black/African American",4060372
"2019-2020","06","Harding Elementary-Middle School",0,"F","Black/African American",9204982
"2019-2020","04","Harding Elementary-Middle School",0,"F","Hispanic/Latino",5707441
"2019-2020","08","Harding Elementary-Middle School",1,"M","Black/African American",2320362
"2019-2020","01","Harding Elementary-Middle School",0,"M","White",3159193
"2019-2020","07","Harding Elementary-Middle School",0,"M","Black/African American",2797365
"2019-2020","05","Harding Elementary-Middle School",0,"F","Black/African American",1793580
"2019-2020","01","Harding Elementary-Middle School",0,"F","Black/African American",3306735
"2019-2020","01","Harding Elementary-Middle School",0,"M","Two or More Races",1479528
"2019-2020","01","Harding Elementary-Middle School",0,"M","Two or More Races",5476387
"2019-2020","00","Harding Elementary-Middle School",0,"F","Black/African American",2916139
"2019-2020","01","Harding Elementary-Middle School",1,"M","Black/African American",9728214
"2019-2020","01","Harding Elementary-Middle School",1,"M","Hispanic/Latino",4837694
"2019-2020","04","Harding Elementary-Middle School",0,"F","Hispanic/Latino",4958468
"2019-2020","08","Harding Elementary-Middle School",0,"F","Asian",4876861
"2019-2020","07","Harding Elementary-Middle School",0,"F","Asian",2520759
"2019-2020","03","Harding Elementary-Middle School",0,"F","Asian",6033513
"2019-2020","08","Harding Elementary-Middle School",0,"F","Hispanic/Latino",3407559
"2019-2020","06","Harding Elementary-Middle School",0,"F","White",6313844
"2019-2020","03","Harding Elementary-Middle School",0,"M","White",2794454
"2019-2020","00","Harding Elementary-Middle School",1,"F","Hispanic/Latino",2068056
"2019-2020","02","Harding Elementary-Middle School",0,"M","Black/African American",1885845
"2019-2020","05","Harding Elementary-Middle School",0,"M","Hispanic/Latino",1248439
"2019-2020","04","Harding Elementary-Middle School",0,"M","Black/African American",2761691
"2019-2020","06","Harding Elementary-Middle School",1,"M","Black/African American",6051933
"2019-2020","04","Harding Elementary-Middle School",0,"F","Black/African American",2760542
"2019-2020","05","Harding Elementary-Middle School",0,"M","Hispanic/Latino",8177957
"2019-2020","08","Harding Elementary-Middle School",0,"M","Hispanic/Latino",4649567
"2019-2020","01","Harding Elementary-Middle School",0,"F","Two or More Races",8926564
"2019-2020","04","Harding Elementary-Middle School",0,"M","Black/African American",5600474
"2019-2020","00","Harding Elementary-Middle School",0,"F","Hispanic/Latino",3488239
"2019-2020","06","Harding Elementary-Middle School",0,"F","Hispanic/Latino",5021008
"2019-2020","01","Harding Elementary-Middle School",0,"M","Black/African American",9541979
"2019-2020","07","Harding Elementary-Middle School",0,"F","Black/African American",5761141
"2019-2020","06","Harding Elementary-Middle School",0,"F","Asian",6968298
"2019-2020","03","Harding Elementary-Middle School",0,"M","Black/African American",1833797
"2019-2020","07","Harding Elementary-Middle School",0,"M","Two or More Races",7187459
"2019-2020","02","Harding Elementary-Middle School",1,"M","White",1552819
"2019-2020","06","Harding Elementary-Middle School",0,"F","Black/African American",5937791
"2019-2020","03","Harding Elementary-Middle School",0,"F","Black/African American",8478470
"2019-2020","08","Harding Elementary-Middle School",1,"M","Two or More Races",8349305
"2019-2020","04","Harding Elementary-Middle School",1,"M","Hispanic/Latino",6531292
"2019-2020","08","Harding Elementary-Middle School",0,"M","Black/African American",1589417
"2019-2020","02","Harding Elementary-Middle School",0,"F","Hispanic/Latino",5506557
"2019-2020","07","Harding Elementary-Middle School",1,"M","Black/African American",8936303
"2019-2020","07","Harding Elementary-Middle School",1,"M","White",8211334
"2019-2020","06","Harding Elementary-Middle School",0,"F","Black/African American",7616476
"2019-2020","02","Harding Elementary-Middle School",1,"F","Hispanic/Latino",3521342
"2019-2020","00","Harding Elementary-Middle School",0,"M","Asian",6348389
"2019-2020","08","Harding Elementary-Middle School",1,"M","Black/African American",4594210
"2019-2020","08","Harding Elementary-Middle School",0,"F","Black/African American",7633418
"2019-2020","00","Harding Elementary-Middle School",0,"F","Hispanic/Latino",8187141
"2019-2020","03","Harding Elementary-Middle School",0,"M","Hispanic/Latino",5361774
"2019-2020","04","Harding Elementary-Middle School",1,"M","Black/African American",3530649
"2019-2020","02","Harding Elementary-Middle School",0,"M","Hispanic/Latino",6184708
"2019-2020","08","Harding Elementary-Middle School",0,"M","White",5471923
"2019-2020","00","Harding Elementary-Middle School",1,"M","Black/African American",9072157
"2019-2020","03","Harding Elementary-Middle School",0,"M","Black/African American",6157263
"2019-2020","00","Harding Elementary-Middle School",0,"M","Black/African American",2116145
"2019-2020","01","Harding Elementary-Middle School",0,"M","Black/African American",9190860
"2019-2020","01","Harding Elementary-Middle School",0,"M","Hispanic/Latino",3979733
"2019-2020","07","Harding Elementary-Middle School",0,"M","Hispanic/Latino",2387680
"2019-2020","06","Harding Elementary-Middle School",1,"F","Hispanic/Latino",3012430
"2019-2020","06","Harding Elementary-Middle School",0,"F","Black/African American",9616084
"2019-2020","08","Harding Elementary-Middle School",0,"F","Hispanic/Latino",8288486
"2019-2020","07","Harding Elementary-Middle School",0,"F","Black/African American",5707289
"2019-2020","04","Harding Elementary-Middle School",0,"F","Black/African American",7714877
"2019-2020","02","Harding Elementary-Middle School",0,"M","Black/African American",2888480
"2019-2020","06","Harding Elementary-Middle School",0,"F","White",2913787
"2019-2020","08","Harding Elementary-Middle School",0,"M","White",2319493
"2019-2020","00","Harding Elementary-Middle School",0,"F","White",4547539
"2019-2020","00","Harding Elementary-Middle School",0,"F","Asian",1592071
"2019-2020","08","Harding Elementary-Middle School",0,"M","Black/African American",7375603
"2019-2020","07","Harding Elementary-Middle School",0,"F","White",9132253
"2019-2020","03","Harding Elementary-Middle School",0,"F","White",4965725
"2019-2020","01","Harding Elementary-Middle School",0,"M","White",3698758
"2019-2020","06","Harding Elementary-Middle School",1,"M","Black/African American",4354742
"2019-2020","02","Harding Elementary-Middle School",0,"F","Asian",5268181
"2019-2020","00","Harding Elementary-Middle School",1,"F","Hispanic/Latino",3472945
"2019-2020","02","Harding Elementary-Middle School",0,"F","Hispanic/Latino",2350996
"2019-2020","01","Harding Elementary-Middle School",0,"F","White",2613568
"2019-2020","06","Harding Elementary-Middle School",0,"M","Black/African American",1989059
"2019-2020","05","Harding Elementary-Middle School",0,"M","Black/African American",3225406
"2019-2020","01","Harding Elementary-Middle School",1,"M","Two or More Races",4612494
"2019-2020","03","Harding Elementary-Middle School",0,"F","White",6963610
"2019-2020","08","Harding Elementary-Middle School",0,"M","Hispanic/Latino",7737225
"2019-2020","03","Harding Elementary-Middle School",0,"M","Black/African American",8686518
"2019-2020","05","Harding Elementary-Middle School",0,"M","Hispanic/Latino",1148586
"2019-2020","02","Harding Elementary-Middle School",0,"M","Black/African American",4037396
"2019-2020","01","Harding Elementary-Middle School",0,"M","Black/African American",9065980
"2019-2020","03","Harding Elementary-Middle School",1,"M","White",2020499
"2019-2020","04","Harding Elementary-Middle School",0,"F","White",1933041
"2019-2020","01","Harding Elementary-Middle School",0,"M","Black/African American",5952967
"2019-2020","01","Harding Elementary-Middle School",0,"M","Hispanic/Latino",5218542
"2019-2020","02","Harding Elementary-Middle School",0,"F","Black/African American",9828745
"2019-2020","02","Harding Elementary-Middle School",0,"F","Hispanic/Latino",3772317
"2019-2020","08","Harding Elementary-Middle School",0,"M","Black/African American",2266282
"2019-2020","07","Harding Elementary-Middle School",0,"F","Black/African American",2691720
"2019-2020","08","Harding Elementary-Middle School",0,"F","White",8277465
"2019-2020","08","Harding Elementary-Middle School",0,"F","Hispanic/Latino",1315794
"2019-2020","04","Harding Elementary-Middle School",0,"F","Hispanic/Latino",4682831
"2019-2020","07","Harding Elementary-Middle School",0,"F","Hispanic/Latino",5909689
"2019-2020","05","Harding Elementary-Middle School",0,"M","White",3179684
"2019-2020","04","Harding Elementary-Middle School",0,"M","White",9350112
"2019-2020","02","Harding Elementary-Middle School",0,"F","White",9013153
"2019-2020","00","Harding Elementary-Middle School",0,"M","White",6320376
"2019-2020","05","Harding Elementary-Middle School",0,"M","Two or More Races",1350994
"2019-2020","02","Harding Elementary-Middle School",0,"F","White",9111406
"2019-2020","00","Harding Elementary-Middle School",0,"F","Hispanic/Latino",6909542
"2019-2020","01","Harding Elementary-Middle School",1,"F","Two or More Races",7863364
"2019-2020","02","Harding Elementary-Middle School",1,"M","Black/African American",6656342
"2019-2020","01","Harding Elementary-Middle School",0,"M","Hispanic/Latino",7050234
"2019-2020","04","Harding Elementary-Middle School",0,"M","Black/African American",2149228
"2019-2020","04","Harding Elementary-Middle School",0,"F","Black/African American",3842196
"2019-2020","01","Harding Elementary-Middle School",1,"F","White",8110683
"2019-2020","06","Harding Elementary-Middle School",1,"M","Hispanic/Latino",6836900
"2019-2020","03","Harding Elementary-Middle School",0,"M","Black/African American",1825261
"2019-2020","00","Harding Elementary-Middle School",0,"F","Two or More Races",9862170
"2019-2020","00","Harding Elementary-Middle School",0,"F","Black/African American",1993545
"2019-2020","02","Harding Elementary-Middle School",0,"M","Hispanic/Latino",7073398
"2019-2020","05","Harding Elementary-Middle School",0,"F","Black/African American",6934102
"2019-2020","02","Harding Elementary-Middle School",1,"M","Hispanic/Latino",7287030
"2019-2020","00","Harding Elementary-Middle School",0,"M","Hispanic/Latino",6659225
"2019-2020","08","Harding Elementary-Middle School",0,"M","Black/African American",8717439
"2019-2020","05","Harding Elementary-Middle School",0,"M","White",3100345
"2019-2020","07","Harding Elementary-Middle School",0,"M","Black/African American",7544177
"2019-2020","07","Harding Elementary-Middle School",0,"F","Two or More Races",6207215
"2019-2020","04","Harding Elementary-Middle School",0,"F","Black/African American",8082988
"2019-2020","06","Harding Elementary-Middle School",0,"M","Two or More Races",1204324
"2019-2020","02","Harding Elementary-Middle School",0,"F","Asian",3780696
"2019-2020","01","Harding Elementary-Middle School",0,"M","Black/African American",4925416
"2019-2020","03","Harding Elementary-Middle School",0,"F","Black/African American",6774033
"2019-2020","02","Harding Elementary-Middle School",0,"F","Black/African American",7577889
"2019-2020","06","Harding Elementary-Middle School",1,"M","Two or More Races",2173001
"2019-2020","08","Harding Elementary-Middle School",0,"F","Black/African American",5601231
"2019-2020","01","Harding Elementary-Middle School",0,"M","Hispanic/Latino",2390927
"2019-2020","02","Harding Elementary-Middle School",0,"M","Black/African American",6570177
"2019-2020","03","Harding Elementary-Middle School",0,"M","White",9153280
"2019-2020","08","Harding Elementary-Middle School",0,"F","Black/African American",8896083
"2019-2020","08","Harding Elementary-Middle School",0,"F","Hispanic/Latino",3308891
"2019-2020","08","Harding Elementary-Middle School",0,"F","Two or More Races",2918468
"2019-2020","00","Harding Elementary-Middle School",1,"M","Hispanic/Latino",6872856
"2019-2020","02","Harding Elementary-Middle School",1,"M","Black/African American",6823593
"2019-2020","02","Harding Elementary-Middle School",0,"M","Hispanic/Latino",1140336
"2019-2020","02","Harding Elementary-Middle School",0,"M","Black/African American",8703713
"2019-2020","08","Harding Elementary-Middle School",0,"F","Black/African American",7362376
"2019-2020","08","Harding Elementary-Middle School",0,"F","Black/African American",3543003
"2019-2020","01","Harding Elementary-Middle School",0,"M","Two or More Races",9462254
"2019-2020","08","Harding Elementary-Middle School",1,"F","Black/African American",8828467
"2019-2020","02","Harding Elementary-Middle School",0,"M","Asian",1708837
"2019-2020","01","Harding Elementary-Middle School",0,"M","Hispanic/Latino",6187719
"2019-2020","05","Harding Elementary-Middle School",0,"M","White",4256347
"2019-2020","08","Harding Elementary-Middle School",0,"F","Black/African American",4530796
"2019-2020","02","Harding Elementary-Middle School",0,"F","Asian",3131043
"2019-2020","04","Harding Elementary-Middle School",0,"F","Hispanic/Latino",8873721
"2019-2020","02","Harding Elementary-Middle School",1,"F","White",8029767
"2019-2020","00","Harding Elementary-Middle School",0,"F","Hispanic/Latino",2228860
"2019-2020","02","Harding Elementary-Middle School",0,"F","Hispanic/Latino",7985162
"2019-2020","07","Harding Elementary-Middle School",1,"F","Black/African American",1546016
"2019-2020","04","Harding Elementary-Middle School",0,"M","Two or More Races",8312303
"2019-2020","07","Harding Elementary-Middle School",0,"F","Black/African American",8300469
"2019-2020","00","Harding Elementary-Middle School",1,"M","Black/African American",7674175
"2019-2020","06","Harding Elementary-Middle School",0,"M","Black/African American",7813617
"2019-2020","00","Harding Elementary-Middle School",0,"F","Black/African American",1586733
"2019-2020","03","Harding Elementary-Middle School",1,"M","White",6911079
"2019-2020","02","Harding Elementary-Middle School",1,"M","Asian",1288576
"2019-2020","08","Harding Elementary-Middle School",0,"F","Hispanic/Latino",6534962
"2019-2020","04","Harding Elementary-Middle School",0,"M","White",3782302
"2019-2020","03","Harding Elementary-Middle School",0,"F","Hispanic/Latino",1401399
"2019-2020","08","Harding Elementary-Middle School",1,"M","Hispanic/Latino",7592119
"2019-2020","05","Harding Elementary-Middle School",0,"F","Hispanic/Latino",2385859
"2019-2020","07","Harding Elementary-Middle School",0,"M","Asian",4450077
"2019-2020","02","Harding Elementary-Middle School",0,"M","White",5943872
"2019-2020","08","Harding Elementary-Middle School",0,"F","Hispanic/Latino",8136438
"2019-2020","01","Harding Elementary-Middle School",0,"M","Black/African American",4194467
"2019-2020","05","Harding Elementary-Middle School",0,"F","Asian",1822196
"2019-2020","03","Harding Elementary-Middle School",0,"M","Asian",1531393
"2019-2020","03","Harding Elementary-Middle School",0,"M","Black/African American",2551281
"2019-2020","01","Harding Elementary-Middle School",0,"F","Black/African American",2790752
"2019-2020","01","Harding Elementary-Middle School",0,"F","White",4378003
"2019-2020","06","Harding Elementary-Middle School",0,"M","White",5233790
"2019-2020","01","Harding Elementary-Middle School",1,"F","White",7781518
"2019-2020","00","Harding Elementary-Middle School",0,"F","Two or More Races",2776251
"2019-2020","07","Harding Elementary-Middle School",1,"M","Hispanic/Latino",3015204
"2019-2020","02","Harding Elementary-Middle School",0,"F","Black/African American",2899421
"2019-2020","06","Harding Elementary-Middle School",0,"M","Hispanic/Latino",7029259
"2019-2020","02","Harding Elementary-Middle School",0,"M","Black/African American",8018863
"2019-2020","03","Harding Elementary-Middle School",0,"M","Hispanic/Latino",5746025
"2019-2020","02","Harding Elementary-Middle School",0,"F","Hispanic/Latino",9740983
"2019-2020","06","Harding Elementary-Middle School",0,"M","Hispanic/Latino",8759149
"2019-2020","05","Harding Elementary-Middle School",0,"M","Hispanic/Latino",3768246
"2019-2020","02","Harding Elementary-Middle School",0,"F","Hispanic/Latino",9726633
"2019-2020","01","Harding Elementary-Middle School",0,"M","Hispanic/Latino",6784186
"2019-2020","08","Harding Elementary-Middle School",0,"F","Black/African American",4758827
"2019-2020","00","Harding Elementary-Middle School",1,"F","Black/African American",6968793
"2019-2020","02","Harding Elementary-Middle School",0,"M","Black/African American",4498860
"2019-2020","08","Harding Elementary-Middle School",1,"F","Black/African American",2006061
"2019-2020","02","Harding Elementary-Middle School",0,"F","White",5536378
"2019-2020","06","Harding Elementary-Middle School",0,"M","Black/African American",3804339
"2019-2020","08","Harding Elementary-Middle School",1,"M","Asian",8638275
"2019-2020","06","Harding Elementary-Middle School",0,"F","Black/African American",3347279
"2019-2020","06","Harding Elementary-Middle School",0,"M","White",7876511
"2019-2020","04","Harding Elementary-Middle School",0,"M","White",2116949
"2019-2020","06","Harding Elementary-Middle School",0,"M","Hispanic/Latino",2406363
"2019-2020","07","Harding Elementary-Middle School",0,"M","Hispanic/Latino",3860129
"2019-2020","01","Harding Elementary-Middle School",0,"F","Black/African American",8301024
"2019-2020","00","Harding Elementary-Middle School",0,"F","Two or More Races",9653940
"2019-2020","02","Harding Elementary-Middle School",1,"F","Black/African American",3134895
"2019-2020","02","Harding Elementary-Middle School",0,"M","Black/African American",5377082
"2019-2020","04","Harding Elementary-Middle School",0,"F","White",1400937
"2019-2020","05","Harding Elementary-Middle School",0,"M","Hispanic/Latino",1661819
"2019-2020","08","Harding Elementary-Middle School",0,"M","White",2350963
"2019-2020","03","Harding Elementary-Middle School",1,"M","Asian",5782102
"2019-2020","01","Harding Elementary-Middle School",0,"F","Black/African American",2532066
"2019-2020","04","Harding Elementary-Middle School",0,"M","Hispanic/Latino",3144316
"2019-2020","08","Harding Elementary-Middle School",0,"M","Black/African American",2879775
"2019-2020","01","Harding Elementary-Middle School",0,"M","Asian",7692893
"2019-2020","03","Harding Elementary-Middle School",0,"F","Black/African American",9318634
"2019-2020","04","Harding Elementary-Middle School",0,"M","Hispanic/Latino",1196302
"2019-2020","01","Harding Elementary-Middle School",0,"M","Black/African American",5369857
"2019-2020","07","Harding Elementary-Middle School",0,"F","Asian",5650922
"2019-2020","06","Harding Elementary-Middle School",0,"M","Two or More Races",6279394
"2019-2020","02","Harding Elementary-Middle School",0,"M","Black/African American",7813806
"2019-2020","06","Harding Elementary-Middle School",0,"F","White",4941939
"2019-2020","08","Harding Elementary-Middle School",1,"F","Hispanic/Latino",6451579
"2019-2020","04","Harding Elementary-Middle School",0,"M","Asian",6480190
"2019-2020","07","Harding Elementary-Middle School",0,"F","Black/African American",4150903
"2019-2020","05","Harding Elementary-Middle School",1,"F","White",3888141
"2019-2020","03","Harding Elementary-Middle School",0,"F","Hispanic/Latino",4863594
"2019-2020","02","Harding Elementary-Middle School",0,"F","Black/African American",8750948
"2019-2020","08","Harding Elementary-Middle School",0,"F","Hispanic/Latino",9963699
"2019-2020","04","Harding Elementary-Middle School",1,"M","Black/African American",7340038
"2019-2020","03","Harding Elementary-Middle School",0,"M","Asian",3522068
"2019-2020","08","Harding Elementary-Middle School",0,"F","Hispanic/Latino",8120029
"2019-2020","01","Harding Elementary-Middle School",0,"F","Hispanic/Latino",2465410
"2019-2020","06","Harding Elementary-Middle School",0,"M","White",9033052
"2019-2020","00","Harding Elementary-Middle School",0,"F","Two or More Races",3115727
"2019-2020","05","Harding Elementary-Middle School",0,"M","Asian",1617274
"2019-2020","07","Harding Elementary-Middle School",0,"M","Hispanic/Latino",9127913
"2019-2020","08","Harding Elementary-Middle School",0,"M","Hispanic/Latino",3802035
"2019-2020","00","Harding Elementary-Middle School",0,"M","Hispanic/Latino",4514086
"2019-2020","02","Harding Elementary-Middle School",0,"F","Black/African American",2359782
"2019-2020","05","Harding Elementary-Middle School",0,"F","Hispanic/Latino",2371970
"2019-2020","02","Harding Elementary-Middle School",0,"M","Two or More Races",9326454
"2019-2020","03","Harding Elementary-Middle School",1,"M","Hispanic/Latino",4902154
"2019-2020","01","Harding Elementary-Middle School",1,"M","Black/African American",3352756
"2019-2020","07","Harding Elementary-Middle School",0,"F","Hispanic/Latino",5125417
"2019-2020","01","Harding Elementary-Middle School",0,"F","Black/African American",9972910
"2019-2020","03","Harding Elementary-Middle School",1,"F","Black/African American",9208644
"2019-2020","05","Harding Elementary-Middle School",0,"F","Black/African American",8365800
"2019-2020","02","Harding Elementary-Middle School",0,"F","Black/African American",8088537
"2019-2020","04","Harding Elementary-Middle School",0,"F","Hispanic/Latino",5317844
"2019-2020","05","Harding Elementary-Middle School",0,"M","Hispanic/Latino",8227257
"2019-2020","05","Harding Elementary-Middle School",0,"F","Black/African American",4919470
"2019-2020","05","Harding Elementary-Middle School",0,"M","Asian",9070159
"2019-2020","03","Harding Elementary-Middle School",0,"M","White",6523240
"2019-2020","03","Harding Elementary-Middle School",1,"M","Black/African American",9421550
"2019-2020","00","Harding Elementary-Middle School",0,"M","Hispanic/Latino",2372877
"2019-2020","03","Harding Elementary-Middle School",0,"F","Black/African American",4572442
"2019-2020","02","Harding Elementary-Middle School",0,"F","Asian",5186259
"2019-2020","02","Harding Elementary-Middle School",0,"F","Black/African American",6384872
"2019-2020","06","Harding Elementary-Middle School",1,"M","Hispanic/Latino",7655198
"2019-2020","06","Harding Elementary-Middle School",1,"M","Hispanic/Latino",5162971
"2019-2020","07","Harding Elementary-Middle School",0,"M","Black/African American",2190305
"2019-2020","06","Harding Elementary-Middle School",0,"M","White",5982345
"2019-2020","01","Harding Elementary-Middle School",1,"F","White",5584399
"2019-2020","06","Harding Elementary-Middle School",1,"M","Two or More Races",1794210
"2019-2020","00","Harding Elementary-Middle School",0,"M","Hispanic/Latino",2723931
"2019-2020","07","Harding Elementary-Middle School",0,"M","Two or More Races",2513086
"2019-2020","06","Harding Elementary-Middle School",0,"F","Hispanic/Latino",5124527
"2019-2020","00","Harding Elementary-Middle School",0,"F","Hispanic/Latino",2430902
"2019-2020","07","Harding Elementary-Middle School",0,"F","Hispanic/Latino",9292491
"2019-2020","06","Harding Elementary-Middle School",0,"M","White",8141859
"2019-2020","04","Harding Elementary-Middle School",0,"F","Two or More Races",3781698
"2019-2020","01","Harding Elementary-Middle School",0,"M","Black/African American",6783331
"2019-2020","00","Harding Elementary-Middle School",0,"M","Black/African American",3360413
"2019-2020","04","Harding Elementary-Middle School",0,"M","Two or More Races",2065327
"2019-2020","00","Harding Elementary-Middle School",0,"F","Hispanic/Latino",6508481
"2019-2020","07","Harding Elementary-Middle School",0,"M","Black/African American",6118974
"2019-2020","03","Harding Elementary-Middle School",0,"M","Hispanic/Latino",7427416
"2019-2020","02","Harding Elementary-Middle School",0,"F","White",8955522
"2019-2020","05","Harding Elementary-Middle School",0,"M","Hispanic/Latino",4862965
"2019-2020","05","Harding Elementary-Middle School",0,"M","White",5313365
"2019-2020","07","Harding Elementary-Middle School",0,"F","Hispanic/Latino",8753424
"2019-2020","08","Harding Elementary-Middle School",0,"F","White",4633869
"2019-2020","04","Harding Elementary-Middle School",0,"M","Black/African American",4722006
"2019-2020","07","Harding Elementary-Middle School",0,"M","White",5837959
"2019-2020","00","Harding Elementary-Middle School",0,"M","Hispanic/Latino",2829354
"2019-2020","04","Harding Elementary-Middle School",0,"M","Asian",4916890
"2019-2020","01","Harding Elementary-Middle School",0,"M","White",5468229
"2019-2020","02","Harding Elementary-Middle School",0,"M","Hispanic/Latino",1588270
"2019-2020","03","Harding Elementary-Middle School",0,"M","White",4981212
"2019-2020","04","Harding Elementary-Middle School",0,"M","Black/African American",6242109
"2019-2020","07","Harding Elementary-Middle School",0,"M","Black/African American",1757856
"2019-2020","04","Harding Elementary-Middle School",0,"M","Asian",7240605
"2019-2020","08","Harding Elementary-Middle School",0,"F","White",4851936
"2019-2020","08","Harding Elementary-Middle School",0,"F","Hispanic/Latino",3462192
"2019-2020","00","Harding Elementary-Middle School",1,"M","Black/African American",9773156
"2019-2020","00","Harding Elementary-Middle School",1,"F","Black/African American",5040718
"2019-2020","04","Harding Elementary-Middle School",1,"M","Two or More Races",7997884
"2019-2020","01","Harding Elementary-Middle School",0,"M","Hispanic/Latino",7509986
"2019-2020","01","Harding Elementary-Middle School",0,"F","Two or More Races",3427136
"2019-2020","00","Harding Elementary-Middle School",0,"F","Black/African American",4077960
"2019-2020","02","Harding Elementary-Middle School",1,"M","Hispanic/Latino",5510397
"2019-2020","01","Harding Elementary-Middle School",0,"M","Two or More Races",2609130
"2019-2020","06","Harding Elementary-Middle School",0,"M","Black/African American",4037925
"2019-2020","01","Harding Elementary-Middle School",0,"M","Asian",4160770
"2019-2020","06","Harding Elementary-Middle School",0,"F","Hispanic/Latino",8594592
"2019-2020","00","Harding Elementary-Middle School",0,"M","Two or More Races",9244067
"2019-2020","06","Harding Elementary-Middle School",0,"F","Black/African American",1468938
"2019-2020","05","Harding Elementary-Middle School",0,"M","Black/African American",5068698
"2019-2020","07","Harding Elementary-Middle School",0,"M","Black/African American",7379190
"2019-2020","08","Harding Elementary-Middle School",0,"M","White",8900442
"2019-2020","07","Harding Elementary-Middle School",0,"M","Hispanic/Latino",2389545
"2019-2020","07","Harding Elementary-Middle School",0,"M","White",3480956
"2019-2020","08","Harding Elementary-Middle School",0,"M","Black/African American",1259034
"2019-2020","02","Harding Elementary-Middle School",0,"M","White",5589402
"2019-2020","01","Harding Elementary-Middle School",0,"F","Black/African American",4407827
"2019-2020","02","Harding Elementary-Middle School",1,"M","Black/African American",6090954
"2019-2020","08","Harding Elementary-Middle School",0,"M","Hispanic/Latino",7795638
"2019-2020","07","Harding Elementary-Middle School",0,"M","White",9772602
"2019-2020","05","Harding Elementary-Middle School",0,"M","Two or More Races",8353304
"2019-2020","08","Harding Elementary-Middle School",0,"F","Hispanic/Latino",8137760
"2019-2020","05","Harding Elementary-Middle School",0,"F","White",7448137
"2019-2020","01","Harding Elementary-Middle School",0,"M","Black/African American",8220436
"2019-2020","08","Harding Elementary-Middle School",0,"F","White",5799147
"2019-2020","04","Harding Elementary-Middle School",0,"F","Two or More Races",8472340
"2019-2020","00","Harding Elementary-Middle School",0,"F","Black/African American",6620638
"2019-2020","06","Harding Elementary-Middle School",1,"F","Two or More Races",8970888
"2019-2020","07","Harding Elementary-Middle School",0,"M","Two or More Races",6449220
"2019-2020","07","Harding Elementary-Middle School",1,"M","White",1711082
"2019-2020","06","Harding Elementary-Middle School",0,"M","Black/African American",6480154
"2019-2020","03","Harding Elementary-Middle School",0,"M","White",7729126
"2019-2020","05","Harding Elementary-Middle School",0,"M","Black/African American",3317509
"2019-2020","04","Harding Elementary-Middle School",0,"M","Black/African American",6330424
"2019-2020","05","Harding Elementary-Middle School",1,"M","Two or More Races",4257001
"2019-2020","05","Harding Elementary-Middle School",0,"M","Asian",2433102
"2019-2020","03","Harding Elementary-Middle School",0,"F","Hispanic/Latino",5543792
"2019-2020","01","Harding Elementary-Middle School",0,"M","Black/African American",5502641
"2019-2020","02","Harding Elementary-Middle School",0,"F","White",3158764
"2019-2020","03","Harding Elementary-Middle School",0,"M","Asian",7801481
"2019-2020","02","Harding Elementary-Middle School",0,"M","White",5125317
"2019-2020","05","Harding Elementary-Middle School",1,"M","Black/African American",8195188
"2019-2020","07","Harding Elementary-Middle School",0,"M","Black/African American",7270672
"2019-2020","01","Harding Elementary-Middle School",0,"F","Black/African American",5985764
"2019-2020","01","Harding Elementary-Middle School",0,"F","Two or More Races",4053055
"2019-2020","02","Harding Elementary-Middle School",0,"F","Asian",4128775
"2019-2020","00","Harding Elementary-Middle School",0,"M","Two or More Races",5614040
"2019-2020","05","Harding Elementary-Middle School",0,"F","White",6913096
"2019-2020","01","Harding Elementary-Middle School",0,"F","Black/African American",7708234
"2019-2020","07","Harding Elementary-Middle School",0,"F","White",6853169
"2019-2020","02","Harding Elementary-Middle School",0,"F","Black/African American",5881371
"2019-2020","00","Harding Elementary-Middle School",0,"F","Black/African American",8485877
"2019-2020","05","Harding Elementary-Middle School",0,"M","Hispanic/Latino",6078677
"2019-2020","01","Harding Elementary-Middle School",0,"M","Black/African American",6949101
"2019-2020","05","Harding Elementary-Middle School",0,"M","Black/African American",9726044
"2019-2020","08","Harding Elementary-Middle School",0,"M","Black/African American",4276924
"2019-2020","03","Harding Elementary-Middle School",0,"F","Hispanic/Latino",6307169
"2019-2020","06","Harding Elementary-Middle School",0,"F","Black/African American",7735109
"2019-2020","01","Harding Elementary-Middle School",0,"M","Black/African American",6695236
"2019-2020","02","Harding Elementary-Middle School",0,"M","White",4616167
"2019-2020","07","Harding Elementary-Middle School",1,"M","White",7035040
"2019-2020","02","Harding Elementary-Middle School",0,"M","White",3050520
"2019-2020","07","Harding Elementary-Middle School",0,"M","Black/African American",4332477
"2019-2020","04","Harding Elementary-Middle School",0,"M","Asian",7607842
"2019-2020","04","Harding Elementary-Middle School",1,"M","Black/African American",2446002
"2019-2020","05","Harding Elementary-Middle School",0,"F","Black/African American",4043450
